,0,1,2,3,4,5,6,7,8,9,10,11,12,13,14,15
0,-24.635332107543945,-18.05582618713379,-16.591859817504883,-12.320517539978027,-13.896537780761719,-8.419136047363281,-9.539775848388672,-8.203152656555176,-19.68252182006836,-17.134265899658203,-15.938215255737305,-10.14581298828125,-9.360599517822266,-10.890727996826172,-13.435084342956543,-8.60501480102539
1,-12.349857330322266,-5.074543476104736,-7.590968132019043,0.11188056319952011,-12.342439651489258,3.5461342334747314,-3.0770435333251953,0.8626961708068848,-16.5944766998291,-6.682747840881348,-6.603096008300781,1.8374251127243042,8.579652786254883,2.653738498687744,-0.4790705740451813,2.437943458557129
2,6.532938480377197,3.670696258544922,-2.814293384552002,-4.8922529220581055,-9.945152282714844,5.348900318145752,-4.518752098083496,-0.1013110876083374,-26.351755142211914,-8.067037582397461,-6.484510898590088,0.08695536106824875,-13.7898530960083,-0.10791264474391937,-2.5179097652435303,0.3787984848022461
3,8.961578369140625,2.798098087310791,3.698237180709839,8.59121036529541,24.94378662109375,7.8907976150512695,9.51479434967041,7.300891399383545,1.4984300136566162,6.005166530609131,0.18343408405780792,5.342529296875,8.951512336730957,7.288766860961914,0.16546079516410828,4.580993175506592
4,13.41015625,11.227115631103516,12.878592491149902,14.54361343383789,16.508562088012695,22.559486389160156,23.53590202331543,23.408517837524414,30.098207473754883,15.800518989562988,10.918782234191895,12.87658405303955,25.186994552612305,23.092920303344727,17.064502716064453,19.603403091430664
5,-2.546610116958618,1.8352115154266357,5.830785751342773,15.524023056030273,12.840157508850098,12.046453475952148,17.159406661987305,14.135359764099121,5.012596607208252,9.909786224365234,5.820345401763916,13.53806209564209,14.289809226989746,18.030611038208008,17.531545639038086,15.003780364990234
6,9.353837966918945,11.775710105895996,14.190677642822266,21.834857940673828,19.36421775817871,19.780309677124023,21.53036880493164,20.60365104675293,6.324263572692871,12.91599178314209,8.02653694152832,19.73348617553711,31.69258689880371,22.0920352935791,18.803098678588867,18.166217803955078
7,-12.860291481018066,-1.3247288465499878,7.8306708335876465,16.92677116394043,34.530181884765625,4.656448841094971,17.164751052856445,9.326092720031738,8.0271577835083,18.556562423706055,16.224395751953125,25.589616775512695,45.7823600769043,26.16666603088379,23.020523071289062,22.429006576538086
8,13.354216575622559,8.787546157836914,8.876579284667969,14.254920959472656,12.888421058654785,11.326166152954102,10.350726127624512,12.510024070739746,0.18504175543785095,7.1601481437683105,2.9529802799224854,7.1726531982421875,3.0553784370422363,11.74892807006836,5.428735256195068,7.287855625152588
9,27.423791885375977,9.01585578918457,8.554112434387207,8.636787414550781,4.418109893798828,7.944800853729248,2.190661907196045,5.791141510009766,15.598511695861816,5.491397857666016,1.5302693843841553,1.8896101713180542,-8.593814849853516,7.4786152839660645,-1.4490796327590942,3.3401613235473633
10,-2.2509331703186035,-9.81373119354248,-8.211596488952637,-7.684258937835693,-8.550579071044922,-8.164961814880371,-3.545405626296997,-7.823318004608154,8.657312393188477,-4.609612464904785,-7.678440093994141,-5.251095771789551,-2.8411455154418945,-6.636684894561768,-5.951666831970215,-12.071969985961914
11,16.141468048095703,2.993813991546631,-5.365808010101318,-6.517251968383789,7.259306907653809,-5.790341377258301,3.669229745864868,-6.038938045501709,9.754334449768066,1.530081033706665,-4.991593837738037,-7.828539848327637,7.833133220672607,-3.426208972930908,1.1755199432373047,-6.739318370819092
12,-10.568238258361816,-8.687159538269043,-11.741844177246094,-16.12443733215332,-17.101825714111328,-13.735345840454102,-5.098379135131836,-9.94861125946045,-10.925174713134766,-13.836382865905762,-17.139680862426758,-20.490123748779297,-24.16394805908203,-16.312602996826172,-9.655324935913086,-14.423998832702637
13,-9.041146278381348,-4.241919994354248,-8.195868492126465,-14.618821144104004,-20.135513305664062,-6.071277141571045,-6.294973373413086,-6.106878757476807,-20.789777755737305,-16.633331298828125,-14.590653419494629,-19.18595314025879,-22.80523681640625,-17.466556549072266,-5.735959053039551,-13.605658531188965
14,12.780708312988281,5.0851616859436035,2.306962490081787,-6.022480010986328,-2.2954530715942383,1.086684226989746,2.7093544006347656,0.5349565744400024,18.75347328186035,0.7435597777366638,-2.0277082920074463,-13.973674774169922,-20.406652450561523,-4.367416858673096,-1.6773172616958618,-5.05826997756958
15,32.13431167602539,13.552248001098633,8.53432559967041,3.1280429363250732,-5.820034027099609,9.510571479797363,0.6182143092155457,4.452457427978516,9.065435409545898,-2.3201236724853516,5.130492210388184,-5.044800758361816,-16.55360984802246,-2.625203847885132,-1.0250569581985474,-0.21262326836585999
16,18.282651901245117,5.0060505867004395,4.098209857940674,4.826262950897217,-12.310893058776855,2.88535213470459,-5.4095354080200195,0.7743584513664246,11.128555297851562,4.901845455169678,9.0667085647583,5.813260555267334,-6.309778690338135,1.281133770942688,2.663360834121704,4.721693515777588
17,-1.0699424743652344,0.2725391387939453,0.029680579900741577,-0.7227882146835327,-14.862029075622559,-1.1822770833969116,-11.101362228393555,-0.5083689093589783,0.8257555961608887,-1.0542430877685547,5.231865406036377,4.5319905281066895,-13.138603210449219,-3.1263766288757324,-4.5548906326293945,2.06473708152771
18,-2.1620125770568848,-0.5728048086166382,-4.925548076629639,-11.11962604522705,-16.43962860107422,-8.915923118591309,-15.405433654785156,-7.669591426849365,-6.705379486083984,-8.02529239654541,-3.9049272537231445,-8.072046279907227,-21.62384605407715,-11.757563591003418,-12.59121036529541,-4.1252031326293945
19,-6.9575700759887695,-5.732102870941162,-8.328412055969238,-11.630587577819824,-14.35460376739502,-11.928836822509766,-18.580867767333984,-14.807412147521973,-5.519524097442627,-8.889596939086914,-6.598803520202637,-10.80230712890625,-23.375707626342773,-16.774057388305664,-16.987255096435547,-11.76633358001709
20,-14.574708938598633,-3.827011823654175,-4.870553016662598,-6.219686508178711,-12.826262474060059,-6.439918518066406,-3.8969874382019043,-9.867189407348633,-10.625811576843262,-8.422356605529785,-6.222390651702881,-7.667014122009277,-10.985506057739258,-9.964191436767578,-7.282838344573975,-10.469059944152832
21,-9.40941333770752,0.9885927438735962,2.717367172241211,0.45522549748420715,-3.974734306335449,-0.8693053722381592,0.9148256778717041,-4.999046325683594,5.339087963104248,4.522329330444336,-0.7958967089653015,-4.418197154998779,-14.061351776123047,0.7370456457138062,-1.69365656375885,-5.255722522735596
22,-3.100637674331665,3.091252565383911,3.7314810752868652,3.2618539333343506,-9.013884544372559,2.285938262939453,3.043184757232666,2.209632158279419,-3.7591183185577393,4.678812503814697,5.843368053436279,5.619741916656494,3.9624574184417725,4.378245830535889,3.6664247512817383,1.310474157333374
23,-1.7685216665267944,13.863825798034668,15.770190238952637,16.279220581054688,5.591833114624023,14.243420600891113,17.869129180908203,17.547094345092773,-6.533627986907959,12.810454368591309,10.748056411743164,15.810707092285156,12.545493125915527,14.21706771850586,9.701828002929688,14.360556602478027
24,-0.4030921459197998,14.649914741516113,15.998673439025879,14.091656684875488,6.527817249298096,13.365503311157227,16.401334762573242,13.915284156799316,8.726533889770508,26.704378128051758,21.607406616210938,25.875173568725586,21.361406326293945,26.19354820251465,20.6634521484375,24.15477752685547
25,-1.7457332611083984,10.108161926269531,12.952740669250488,18.293621063232422,19.87863540649414,10.218239784240723,16.732561111450195,9.971501350402832,-4.979884624481201,9.129448890686035,3.7454426288604736,8.602596282958984,4.041088104248047,7.9932475090026855,5.785462856292725,3.811612606048584
26,-4.039535045623779,0.7548630833625793,7.526734828948975,10.331645011901855,23.85135269165039,6.993684768676758,11.489119529724121,7.683536529541016,0.5160308480262756,12.76405143737793,7.928993225097656,15.58491039276123,24.29605484008789,13.947422981262207,10.198781967163086,7.836592197418213
27,-21.949960708618164,-13.752662658691406,-2.9260549545288086,-5.628382205963135,17.016700744628906,-2.7952001094818115,0.5421615242958069,1.4051170349121094,-6.045978546142578,-0.14502602815628052,3.3501956462860107,5.826250076293945,25.9321231842041,10.336825370788574,7.590251922607422,7.750082492828369
28,-23.23496437072754,-16.47696876525879,-8.316000938415527,-7.912492275238037,22.2829647064209,-2.812157154083252,-1.9173214435577393,1.299107551574707,-15.609628677368164,-8.671517372131348,-4.062133312225342,-6.467351913452148,21.743831634521484,3.954045534133911,1.1822729110717773,2.3969686031341553
29,-13.220115661621094,-14.754402160644531,-8.680109977722168,-5.547182559967041,19.13079071044922,-3.025747299194336,-1.3425874710083008,3.424692153930664,-19.4415283203125,-14.859733581542969,-13.865405082702637,-12.618575096130371,15.660175323486328,-3.380992889404297,-7.3850812911987305,-2.5740976333618164
30,2.283480644226074,-2.831798553466797,-4.017933368682861,-5.368829727172852,14.560086250305176,-3.785647392272949,-0.5501232147216797,-5.364578723907471,8.22827434539795,1.7770274877548218,-0.48128488659858704,-4.049441814422607,15.09260368347168,0.310832142829895,1.0157670974731445,-3.653982639312744
31,0.8631905317306519,-1.9973266124725342,-9.111194610595703,-10.851180076599121,7.8506598472595215,-3.8196980953216553,-4.985523700714111,-4.504251003265381,0.43439847230911255,-3.2998733520507812,-8.209449768066406,-12.97933292388916,6.19309139251709,-5.320694923400879,-5.238613605499268,-7.586926460266113
32,2.5784032344818115,2.050907611846924,-7.537691593170166,-5.961713790893555,10.327226638793945,-2.8662819862365723,-2.4199602603912354,-2.532965898513794,1.3818522691726685,1.4596734046936035,-5.418182373046875,-6.610469818115234,9.663898468017578,-3.3848776817321777,0.645121693611145,-2.8824174404144287
33,10.026362419128418,9.464164733886719,-2.599973440170288,-0.30613934993743896,16.984386444091797,5.216492176055908,2.5666444301605225,1.6155288219451904,-2.9440431594848633,-2.4854888916015625,-10.036487579345703,-9.792594909667969,6.467838287353516,-8.004095077514648,-4.10255241394043,-7.755524158477783
34,9.34643268585205,3.068046808242798,-3.83476185798645,-4.7510175704956055,6.439887046813965,1.0897773504257202,-2.2679877281188965,-3.4649763107299805,7.584221839904785,-1.1603271961212158,-9.937393188476562,-12.971121788024902,-2.428175687789917,-4.755977630615234,-6.48591423034668,-7.265913963317871
35,2.5403449535369873,-2.8439743518829346,-10.721416473388672,-11.560215950012207,-7.736879825592041,-3.5539121627807617,-11.718649864196777,-5.357643127441406,2.7811026573181152,-2.052858352661133,-2.4146482944488525,-4.391955852508545,3.4461023807525635,-2.6410763263702393,-2.3507487773895264,0.030924130231142044
36,7.0194244384765625,-1.529841661453247,-11.545064926147461,-11.94784927368164,-10.770886421203613,-3.6825175285339355,-11.824531555175781,-9.73291301727295,5.944636344909668,-5.102170467376709,-6.992504119873047,-10.1588134765625,-12.038620948791504,-7.085057735443115,-5.054571151733398,-5.597933769226074
37,3.033860683441162,1.0707926750183105,-5.137832164764404,-1.4079811573028564,5.929471015930176,-1.1352778673171997,-7.433217525482178,-9.059833526611328,-5.286291122436523,-13.825517654418945,-11.986181259155273,-12.680505752563477,-10.390301704406738,-13.888649940490723,-11.970587730407715,-15.170586585998535
38,4.433445453643799,5.651210784912109,1.470606803894043,9.53326416015625,16.62417221069336,8.382220268249512,-0.17496739327907562,0.10247035324573517,-6.68445348739624,-7.515775203704834,-2.5968542098999023,6.2680230140686035,16.721397399902344,-5.9117631912231445,-4.560552597045898,-7.063006401062012
39,-3.4904181957244873,-2.501262903213501,-5.462541103363037,-3.1138412952423096,-1.8738958835601807,3.6988284587860107,-6.210352420806885,-3.629716157913208,-7.930692195892334,-5.11995792388916,-0.4138377904891968,7.83082389831543,4.8643693923950195,-0.5334328413009644,2.662095069885254,0.030821815133094788
40,7.11699914932251,4.844231128692627,2.4423444271087646,4.533383846282959,12.833948135375977,12.452157020568848,4.668183326721191,7.20431661605835,9.27055835723877,2.953752040863037,8.309356689453125,8.904454231262207,14.767193794250488,13.757742881774902,8.39494514465332,12.423357963562012
41,28.925823211669922,15.038155555725098,15.009244918823242,17.39292335510254,29.05915641784668,28.152820587158203,20.352149963378906,25.72762107849121,20.55432891845703,11.431828498840332,11.692251205444336,15.988446235656738,29.29836654663086,24.513212203979492,13.556683540344238,22.423337936401367
42,0.78321373462677,-7.512681007385254,-5.348021507263184,-4.438682556152344,0.004245816729962826,5.274020195007324,1.0488133430480957,6.59226131439209,-4.184011459350586,-5.243083477020264,-4.634178638458252,-1.688832402229309,0.6946672201156616,4.862150192260742,0.0494282990694046,7.074360370635986
43,10.243563652038574,0.40121564269065857,-0.6569361090660095,0.7110225558280945,-0.03231455385684967,7.31471586227417,3.0944387912750244,6.1871337890625,19.37761116027832,7.022628307342529,4.664986610412598,8.59033489227295,19.120676040649414,16.89175033569336,9.00744915008545,15.232068061828613
44,8.614553451538086,9.109566688537598,11.194784164428711,9.999467849731445,-0.8211938142776489,16.479019165039062,13.39779281616211,15.774077415466309,32.89179229736328,15.81601619720459,11.73736572265625,14.686123847961426,11.193814277648926,23.7556209564209,15.42750072479248,20.919353485107422
45,7.11699914932251,4.844231128692627,2.4423444271087646,4.533383846282959,12.833948135375977,12.452157020568848,4.668183326721191,7.20431661605835,9.27055835723877,2.953752040863037,8.309356689453125,8.904454231262207,14.767193794250488,13.757742881774902,8.39494514465332,12.423357963562012
46,28.925823211669922,15.038155555725098,15.009244918823242,17.39292335510254,29.05915641784668,28.152820587158203,20.352149963378906,25.72762107849121,20.55432891845703,11.431828498840332,11.692251205444336,15.988446235656738,29.29836654663086,24.513212203979492,13.556683540344238,22.423337936401367
47,0.78321373462677,-7.512681007385254,-5.348021507263184,-4.438682556152344,0.004245816729962826,5.274020195007324,1.0488133430480957,6.59226131439209,-4.184011459350586,-5.243083477020264,-4.634178638458252,-1.688832402229309,0.6946672201156616,4.862150192260742,0.0494282990694046,7.074360370635986
48,10.243563652038574,0.40121564269065857,-0.6569361090660095,0.7110225558280945,-0.03231455385684967,7.31471586227417,3.0944387912750244,6.1871337890625,19.37761116027832,7.022628307342529,4.664986610412598,8.59033489227295,19.120676040649414,16.89175033569336,9.00744915008545,15.232068061828613
49,8.614553451538086,9.109566688537598,11.194784164428711,9.999467849731445,-0.8211938142776489,16.479019165039062,13.39779281616211,15.774077415466309,32.89179229736328,15.81601619720459,11.73736572265625,14.686123847961426,11.193814277648926,23.7556209564209,15.42750072479248,20.919353485107422
50,44.631954193115234,10.710262298583984,13.2889986038208,9.954610824584961,7.78997802734375,9.086551666259766,22.44301414489746,10.56124210357666,5.894108295440674,5.99614143371582,4.481563568115234,6.286646366119385,4.075131416320801,3.8442370891571045,11.942720413208008,4.112061500549316
51,-6.650970458984375,-1.5736050605773926,1.6439052820205688,-0.8668533563613892,-6.731871604919434,-6.623281002044678,8.364806175231934,-1.4249231815338135,8.784382820129395,-5.260441780090332,-4.4261698722839355,-5.156595706939697,-18.355342864990234,-2.0917224884033203,4.987678527832031,-2.366645336151123
52,-31.16220474243164,-15.888882637023926,-6.583723545074463,-7.612756252288818,-13.63962459564209,-18.770479202270508,-1.9839837551116943,-8.643387794494629,1.4587699174880981,1.0003889799118042,-0.4092901945114136,0.18837279081344604,-5.051804065704346,-1.2316879034042358,3.0816709995269775,-1.8658967018127441
53,-9.089648246765137,-15.600695610046387,-5.525414943695068,-0.2452680617570877,-2.6120824813842773,-13.232637405395508,1.2850065231323242,-6.019796848297119,1.3390860557556152,9.399764060974121,1.8902229070663452,4.391578674316406,2.9229378700256348,0.11811745911836624,4.895068168640137,-0.9232075810432434
54,-12.458033561706543,-14.669803619384766,-8.55639362335205,-4.226156711578369,-13.966333389282227,-21.074016571044922,-7.297585964202881,-16.425596237182617,-16.084259033203125,-12.090994834899902,-12.728411674499512,-10.939600944519043,-16.612350463867188,-14.849969863891602,-9.853646278381348,-16.710994720458984
55,-10.567404747009277,-9.177728652954102,2.2495198249816895,8.102424621582031,9.440595626831055,-12.13167667388916,-2.5804967880249023,-7.087337970733643,6.626091480255127,4.325347900390625,2.147007942199707,4.5245137214660645,-1.0772336721420288,-7.489572048187256,-5.661870956420898,-8.143913269042969
56,68.71980285644531,37.591949462890625,28.013248443603516,22.509723663330078,15.314661979675293,19.045726776123047,17.64592170715332,15.815018653869629,51.9732780456543,28.109729766845703,21.12982749938965,16.844404220581055,22.80620002746582,18.295541763305664,11.302812576293945,12.839615821838379
57,94.82708740234375,22.097505569458008,17.38103675842285,9.079121589660645,9.308318138122559,14.441648483276367,8.644235610961914,12.113212585449219,71.49854278564453,15.852654457092285,20.271665573120117,16.064048767089844,17.671001434326172,11.659756660461426,13.077657699584961,10.890998840332031
58,-27.452856063842773,-20.027036666870117,-11.779070854187012,-5.347499847412109,1.2346805334091187,-18.399532318115234,-13.800636291503906,-12.998191833496094,21.837329864501953,-12.198196411132812,-0.3592672049999237,-3.1276426315307617,-5.444033622741699,-10.932618141174316,-3.1579599380493164,-6.712094306945801
59,-5.233499050140381,-5.941839218139648,0.11115773767232895,11.460614204406738,9.736268997192383,-7.031848907470703,-3.078282356262207,-2.825890064239502,-17.858768463134766,-17.15647315979004,-8.438864707946777,-3.0158021450042725,-3.184577226638794,-14.997360229492188,-10.766921043395996,-9.879870414733887
60,-26.02967071533203,-0.3093588352203369,4.5613532066345215,4.233999252319336,12.412787437438965,1.3885899782180786,3.4054951667785645,1.894057273864746,2.3601365089416504,-8.96081256866455,-5.506850719451904,-11.93367862701416,-16.110517501831055,-14.18185806274414,-4.865455150604248,-9.972856521606445
61,16.071685791015625,-2.0078563690185547,4.841066360473633,10.847038269042969,12.988582611083984,1.9030190706253052,-2.2701854705810547,0.27990755438804626,6.773807525634766,-1.1368582248687744,10.36529541015625,8.360613822937012,4.985456943511963,-0.46382346749305725,6.296044826507568,5.118226528167725
62,28.659347534179688,-9.929986953735352,-8.707585334777832,-11.199084281921387,-16.683000564575195,-5.88975715637207,-16.249923706054688,-8.191713333129883,32.47248077392578,-1.1839625835418701,11.156586647033691,17.070024490356445,25.278114318847656,3.202103614807129,5.476800918579102,7.524271011352539
63,-24.515869140625,-6.714798450469971,-6.8353729248046875,-12.044861793518066,-1.2705087661743164,-6.07318639755249,-14.59791088104248,-5.899557590484619,-28.335058212280273,-15.270134925842285,-3.632817029953003,-5.392510890960693,4.16637659072876,-11.498184204101562,-8.961052894592285,-6.528000831604004
64,-7.811775207519531,-9.64217758178711,0.2594343423843384,-3.569572687149048,7.5424370765686035,-0.3601934611797333,-6.2636847496032715,2.3999993801116943,37.58214569091797,-2.4096720218658447,10.501197814941406,8.713820457458496,11.069799423217773,8.361319541931152,5.989923477172852,13.282613754272461
65,40.06254577636719,5.287297248840332,0.6741688847541809,-2.212520122528076,10.099947929382324,-0.24625572562217712,-4.681134223937988,-6.3055291175842285,-1.7804673910140991,-2.6757993698120117,-3.528033971786499,-9.915706634521484,6.492922782897949,-9.009139060974121,-8.787153244018555,-8.799093246459961
66,108.53938293457031,16.526798248291016,6.183984279632568,-2.7573139667510986,-6.079334259033203,11.662415504455566,-4.597949504852295,3.140721082687378,83.7353286743164,-3.3431801795959473,0.7135973572731018,-0.2108193337917328,12.912822723388672,-0.5987904667854309,-5.583821773529053,-0.9526506066322327
67,49.17167282104492,-2.209561586380005,-5.841386795043945,-13.421658515930176,-8.212652206420898,-9.165653228759766,-10.629820823669434,-8.116741180419922,13.130661964416504,-10.451180458068848,-8.773457527160645,-16.12571144104004,-18.55802345275879,-5.517808437347412,-16.553247451782227,-4.7678117752075195
68,-49.44553756713867,-28.81953239440918,-18.370819091796875,-12.285116195678711,2.012193441390991,-30.9724063873291,-13.972041130065918,-20.168292999267578,14.347336769104004,0.8321658372879028,-2.3494999408721924,-4.676771640777588,-8.33248519897461,-3.072253465652466,-5.182641506195068,-3.113743305206299
69,83.22274017333984,12.41423225402832,6.813207149505615,0.9453791975975037,-19.62575912475586,11.406705856323242,7.692293167114258,9.223417282104492,44.793697357177734,-17.374679565429688,-16.371335983276367,-12.050637245178223,-8.283576965332031,-16.224685668945312,-10.69912052154541,-12.017229080200195
70,62.933895111083984,-6.305771827697754,-2.823349714279175,-6.143418788909912,-25.78331184387207,-6.988778591156006,-3.030789852142334,-5.579796314239502,39.59800338745117,3.7113797664642334,0.9528902769088745,-2.911339282989502,-31.594192504882812,-1.7198495864868164,1.967247486114502,-0.35937565565109253
71,10.894851684570312,-3.8844995498657227,-1.6063076257705688,-5.941736221313477,-20.162508010864258,-11.603561401367188,-2.1687469482421875,-8.9705228805542,-18.864795684814453,-20.00017738342285,-12.23550796508789,-7.72607421875,-7.869590759277344,-11.693992614746094,-9.056714057922363,-10.16304874420166
72,-19.906064987182617,11.378585815429688,11.506464958190918,4.391581058502197,-0.334154337644577,7.1136651039123535,8.244118690490723,7.019267559051514,159.4163360595703,75.59134674072266,40.155860900878906,32.26343536376953,41.05179977416992,59.4970588684082,30.40261459350586,33.90879440307617
73,-16.162260055541992,10.762228965759277,7.539519309997559,-2.197805404663086,-19.496849060058594,1.999467134475708,-2.3901679515838623,2.3469338417053223,-39.88080596923828,4.993480682373047,-6.027788162231445,-12.164361000061035,-31.2669620513916,-8.674598693847656,-13.423160552978516,-13.628117561340332
74,-36.531681060791016,2.892011880874634,2.0800669193267822,3.148380994796753,5.133681774139404,-2.8952341079711914,0.12788128852844238,-0.5188930034637451,-116.46778106689453,-32.5933837890625,-19.725801467895508,-20.305604934692383,-34.525760650634766,-24.010665893554688,-20.57823944091797,-17.493741989135742
75,-14.447953224182129,1.721669316291809,-0.29254716634750366,-3.9334073066711426,0.21551991999149323,-3.5128800868988037,0.7814849019050598,2.8573946952819824,-17.192825317382812,7.848620414733887,3.1260428428649902,2.2158901691436768,12.120635032653809,7.6613545417785645,4.657793045043945,6.265267372131348
76,-84.61608123779297,-16.137826919555664,0.9675858616828918,10.818196296691895,30.710302352905273,-0.947729229927063,5.350671768188477,7.411587715148926,-75.37628173828125,-15.46248722076416,-8.552335739135742,-11.081631660461426,11.94857406616211,-11.702524185180664,-8.069759368896484,-6.513321876525879
77,-22.185428619384766,-5.127130031585693,0.7027144432067871,6.205874443054199,1.645485758781433,1.8654375076293945,3.25378155708313,4.546091556549072,-70.96109008789062,-2.571099281311035,-2.3660836219787598,-3.9822299480438232,-15.989033699035645,-5.220932960510254,-4.926789283752441,-3.3504137992858887
78,-1.3670717477798462,12.9898681640625,-5.5361456871032715,-10.651628494262695,-39.09973907470703,-10.070550918579102,-11.046548843383789,-13.821670532226562,3.597018241882324,33.87017822265625,16.708810806274414,17.013025283813477,2.524615526199341,17.602205276489258,14.845481872558594,11.064220428466797
79,-8.705389022827148,9.395469665527344,2.7295708656311035,7.810175895690918,-15.354145050048828,6.936156749725342,-2.773930788040161,0.9010998606681824,-24.345661163330078,-7.3584699630737305,-8.37273120880127,-8.022829055786133,-31.681346893310547,-15.37596321105957,-9.927034378051758,-14.262164115905762
80,-35.06066131591797,-3.9438393115997314,-4.079143047332764,-2.780452013015747,-24.795595169067383,-0.26916059851646423,-10.734881401062012,-2.1677398681640625,-32.35694122314453,-28.519227981567383,-14.549708366394043,-9.978096961975098,-45.10527801513672,-24.04730987548828,-16.937326431274414,-17.623674392700195
81,-5.304051399230957,-4.688209056854248,-13.125151634216309,-16.635169982910156,-28.840261459350586,-17.14093017578125,-23.395509719848633,-19.17404556274414,44.68700408935547,-1.3477965593338013,2.285606861114502,-1.5219156742095947,-7.006753444671631,-6.423728942871094,-5.026207447052002,-3.897390127182007
82,78.07907104492188,37.52328872680664,21.316131591796875,23.75764274597168,26.53693389892578,25.336381912231445,14.638534545898438,17.11526107788086,-46.428565979003906,-39.95673751831055,-22.86766815185547,-26.507699966430664,-22.619935989379883,-30.561452865600586,-27.51626968383789,-20.534849166870117
83,11.537007331848145,8.531426429748535,-0.849112868309021,4.90962553024292,1.4080849885940552,4.661986351013184,-2.7970824241638184,0.5778571367263794,-33.41754913330078,-22.628042221069336,-4.458987236022949,2.067390203475952,-7.978884220123291,-13.93063735961914,-3.4656147956848145,-4.245265483856201
84,-101.94097900390625,-52.35786437988281,-39.369625091552734,-36.0753059387207,-43.7451286315918,-50.23991394042969,-39.705108642578125,-40.07084274291992,35.542728424072266,21.144115447998047,15.945788383483887,19.21531105041504,2.5124216079711914,7.93078088760376,11.89305591583252,9.95949649810791
85,16.79166030883789,25.005334854125977,24.630937576293945,25.380786895751953,19.633943557739258,28.336000442504883,27.138822555541992,25.680320739746094,19.12221336364746,11.106367111206055,7.246249675750732,11.038481712341309,3.886625289916992,2.826178789138794,10.201708793640137,4.614407539367676
86,-80.79285430908203,-30.378965377807617,-12.670902252197266,-7.205044746398926,-11.968537330627441,-25.3121395111084,-4.358212471008301,-13.395281791687012,-40.8087272644043,3.324552536010742,11.201460838317871,16.479595184326172,10.345745086669922,0.5182209014892578,17.709814071655273,8.37307357788086
87,69.08516693115234,14.298197746276855,10.548929214477539,12.059743881225586,9.115741729736328,17.47756004333496,14.491216659545898,12.599787712097168,45.614967346191406,13.075011253356934,8.010980606079102,9.822301864624023,7.10533332824707,9.265584945678711,11.446359634399414,9.078225135803223
88,43.64591979980469,43.854183197021484,32.44514846801758,23.53042984008789,35.455448150634766,53.63040542602539,35.52750778198242,41.31359100341797,61.179996490478516,41.62840270996094,23.834270477294922,22.264907836914062,25.11432456970215,36.13514709472656,26.53563117980957,28.297636032104492
89,-88.67407989501953,-37.53832244873047,-27.82845687866211,-25.081756591796875,-14.053836822509766,-25.174774169921875,-13.04074764251709,-17.463563919067383,-138.6987762451172,-40.66036605834961,-21.505481719970703,-16.354143142700195,-10.538973808288574,-15.496233940124512,-8.003528594970703,-6.716465950012207
90,-113.99886322021484,-23.155765533447266,-13.150633811950684,-10.50887393951416,-9.589537620544434,-12.551301002502441,-6.170547962188721,-3.257965326309204,69.4772720336914,41.6485710144043,19.676767349243164,18.654926300048828,28.9549617767334,44.52073669433594,24.50984001159668,32.50550842285156
91,-97.78799438476562,-18.36615562438965,-15.093387603759766,-11.574411392211914,-12.541549682617188,-18.30829429626465,-14.56862735748291,-10.416327476501465,-51.527915954589844,-16.60255241394043,-13.318896293640137,-10.146575927734375,-7.229623794555664,-13.375182151794434,-7.512831687927246,-6.4332275390625
92,129.93630981445312,44.27933120727539,28.389759063720703,24.141611099243164,24.11855125427246,39.647823333740234,13.725722312927246,24.35561180114746,5.146778583526611,-15.30412483215332,-15.914554595947266,-10.168371200561523,-6.356751918792725,-10.202281951904297,-19.599939346313477,-13.024259567260742
93,2.6926252841949463,-6.342718601226807,9.759751319885254,12.640728950500488,8.513764381408691,-3.220073699951172,2.734774112701416,-0.03740528225898743,60.12766647338867,30.572675704956055,25.13791275024414,20.954566955566406,30.758384704589844,38.151344299316406,10.04310417175293,22.466672897338867
94,-65.23516845703125,-9.742937088012695,-5.244638442993164,-12.04886245727539,-1.5840556621551514,-23.084672927856445,-8.636239051818848,-18.218721389770508,-15.23758602142334,21.43000602722168,11.8670654296875,8.976024627685547,15.128767967224121,3.8986854553222656,1.591954231262207,-3.8985891342163086
95,14.172354698181152,17.543750762939453,20.058565139770508,21.47913360595703,34.061222076416016,15.117185592651367,18.683446884155273,13.328564643859863,-29.775405883789062,11.812561988830566,12.904845237731934,8.421260833740234,29.51752471923828,9.955825805664062,9.331562995910645,5.915951251983643
96,-20.64504623413086,-7.0153374671936035,2.5268783569335938,0.7882508039474487,14.295594215393066,-6.076055526733398,2.2203891277313232,-2.7184600830078125,-112.08145141601562,-36.68428421020508,-15.097404479980469,-12.054025650024414,-8.593353271484375,-26.843833923339844,-11.582569122314453,-15.715527534484863
97,-4.363551139831543,-10.174707412719727,-4.465787410736084,-6.3752827644348145,-9.075915336608887,-6.35103702545166,-5.362965106964111,-7.077116012573242,-73.33281707763672,-25.763158798217773,-14.345486640930176,-14.272011756896973,-8.2139253616333,-20.981731414794922,-12.831073760986328,-18.823511123657227
98,14.885207176208496,35.755531311035156,26.68516731262207,26.652942657470703,16.579429626464844,30.77510643005371,25.438613891601562,23.28763771057129,14.101091384887695,25.430091857910156,16.14931297302246,6.584209442138672,-2.616489887237549,22.106687545776367,10.166914939880371,9.938096046447754
99,-1.7338786125183105,10.093928337097168,5.631948947906494,8.419971466064453,6.2031049728393555,12.341290473937988,8.003560066223145,8.575047492980957,-63.219886779785156,-18.339052200317383,-16.50421142578125,-23.066404342651367,-32.7059211730957,-15.987224578857422,-14.036413192749023,-13.96540641784668
100,-4.363551139831543,-10.174707412719727,-4.465787410736084,-6.3752827644348145,-9.075915336608887,-6.35103702545166,-5.362965106964111,-7.077116012573242,-73.33281707763672,-25.763158798217773,-14.345486640930176,-14.272011756896973,-8.2139253616333,-20.981731414794922,-12.831073760986328,-18.823511123657227
101,14.885207176208496,35.755531311035156,26.68516731262207,26.652942657470703,16.579429626464844,30.77510643005371,25.438613891601562,23.28763771057129,14.101091384887695,25.430091857910156,16.14931297302246,6.584209442138672,-2.616489887237549,22.106687545776367,10.166914939880371,9.938096046447754
102,-1.7338786125183105,10.093928337097168,5.631948947906494,8.419971466064453,6.2031049728393555,12.341290473937988,8.003560066223145,8.575047492980957,-63.219886779785156,-18.339052200317383,-16.50421142578125,-23.066404342651367,-32.7059211730957,-15.987224578857422,-14.036413192749023,-13.96540641784668
103,-18.51429557800293,-8.58716106414795,-4.815117835998535,-5.161131381988525,-15.908685684204102,-8.905448913574219,-6.454373359680176,-4.710644721984863,-20.063312530517578,24.452363967895508,20.39599609375,19.941165924072266,10.104090690612793,13.095026969909668,19.95726776123047,15.757333755493164
104,-70.66131591796875,5.350436687469482,8.694276809692383,8.473381996154785,4.482859134674072,4.280681133270264,3.925326347351074,7.914360523223877,111.25507354736328,29.455223083496094,28.22171974182129,27.47553825378418,17.229248046875,32.917667388916016,22.41414451599121,25.243946075439453
105,76.65876770019531,26.94636344909668,4.573647499084473,-1.9845092296600342,-5.562524318695068,14.4473237991333,-0.944440484046936,3.149040460586548,-35.663108825683594,-12.693572044372559,-8.136631965637207,-9.77425479888916,-23.223012924194336,-22.4925479888916,-6.806138038635254,-12.221663475036621
106,-66.4720458984375,-2.629361629486084,5.693694114685059,13.393083572387695,-7.483539581298828,-0.6706272959709167,3.7500741481781006,3.7767298221588135,93.33911895751953,58.719234466552734,41.930294036865234,35.72401809692383,30.859619140625,56.91621017456055,32.33961486816406,41.891780853271484
107,-14.45424747467041,-12.0075044631958,-9.65468978881836,-5.5601582527160645,-24.030479431152344,-7.593889236450195,-8.780317306518555,-9.530061721801758,-38.932247161865234,3.7250707149505615,4.576636791229248,4.350081920623779,-9.821420669555664,-1.706838846206665,0.3644101619720459,0.07847344130277634
108,-15.120393753051758,-26.381052017211914,-22.491043090820312,-22.750049591064453,-40.719093322753906,-25.347627639770508,-19.64451026916504,-20.78567123413086,-63.407981872558594,-1.4228558540344238,-8.489638328552246,-11.711091041564941,-19.252853393554688,-18.14008903503418,-8.057524681091309,-13.005142211914062
109,-52.67451095581055,-4.123507022857666,-7.337601184844971,-4.381307601928711,-21.4298038482666,-10.703182220458984,-3.431833505630493,-7.475531101226807,62.398475646972656,39.19366455078125,20.053964614868164,9.722553253173828,-3.8692803382873535,27.965978622436523,16.64369773864746,20.003385543823242
110,-8.448853492736816,-10.656286239624023,-16.602277755737305,-17.856555938720703,-33.38740921020508,-6.211552619934082,-11.713083267211914,-12.330414772033691,-7.960990905761719,-25.596778869628906,-24.845308303833008,-27.403076171875,-55.541690826416016,-20.894207000732422,-20.614398956298828,-19.21902847290039
111,-61.20024108886719,-31.729652404785156,-19.83577537536621,-15.125408172607422,-30.040895462036133,-19.776830673217773,-11.201275825500488,-15.469761848449707,-73.8982162475586,-42.92789077758789,-24.4587459564209,-16.94569206237793,-24.001935958862305,-31.939332962036133,-14.107470512390137,-19.790475845336914
112,-28.085887908935547,3.038085460662842,7.071842670440674,11.417211532592773,8.92151165008545,4.217617988586426,12.357057571411133,7.897782802581787,14.899928092956543,9.271799087524414,9.905679702758789,12.868242263793945,14.125404357910156,10.055328369140625,15.176860809326172,11.988685607910156
113,78.5034408569336,33.84304428100586,21.20477294921875,20.62406349182129,14.40657901763916,27.226974487304688,25.653409957885742,22.80234718322754,8.573209762573242,20.774703979492188,12.940001487731934,17.97865104675293,14.095327377319336,20.46795082092285,15.767470359802246,14.411140441894531
114,22.0747013092041,22.92194175720215,15.56090259552002,12.585914611816406,-10.85814094543457,24.228252410888672,11.78923511505127,18.05384635925293,25.37132453918457,20.023561477661133,15.973992347717285,20.738994598388672,-4.630877494812012,29.980670928955078,20.12841796875,25.445863723754883
115,-38.05696105957031,-15.001466751098633,-10.724930763244629,-1.7428865432739258,3.8099870681762695,-8.004956245422363,-5.01595401763916,-2.8166189193725586,-52.20061111450195,-12.602269172668457,-20.219013214111328,-17.869062423706055,-9.312806129455566,-9.125147819519043,-23.353727340698242,-12.278125762939453
116,35.41918182373047,5.646282196044922,4.377336502075195,14.465063095092773,12.136587142944336,14.472174644470215,9.607072830200195,12.60236930847168,7.108888626098633,-11.83349895477295,-16.285907745361328,-13.927922248840332,-16.393728256225586,-1.0629652738571167,-14.429308891296387,-4.9669508934021
117,27.565156936645508,-10.202997207641602,-13.952869415283203,-11.221562385559082,-22.428730010986328,2.455611228942871,-4.56619119644165,1.5038421154022217,35.61930465698242,-3.067584753036499,-8.622953414916992,12.107512474060059,10.010241508483887,8.804869651794434,5.674544334411621,4.1337995529174805
118,-33.526206970214844,-12.311249732971191,-15.795384407043457,-7.321951866149902,-0.9610891342163086,-4.708454608917236,-6.777353763580322,-0.5670747756958008,-16.179473876953125,-8.151637077331543,-17.40081787109375,-6.010700702667236,1.964627742767334,3.2456371784210205,-9.667729377746582,2.30472469329834
119,14.227056503295898,-6.654666900634766,-16.52815055847168,-12.395721435546875,-3.8416085243225098,2.2610957622528076,-8.483838081359863,-0.45737168192863464,-8.121426582336426,-6.221556663513184,-22.188425064086914,-22.512807846069336,-31.40243148803711,-0.35247567296028137,-18.346271514892578,-3.8749585151672363
120,-40.0930290222168,-19.54716682434082,-9.657859802246094,4.410677909851074,-39.17441177368164,-3.5406246185302734,5.124717712402344,1.0935630798339844,-25.95017433166504,4.161677360534668,-4.435234069824219,1.5104901790618896,-11.003776550292969,16.362642288208008,4.804470539093018,7.862386703491211
121,19.882061004638672,8.581888198852539,12.571402549743652,15.973816871643066,-6.692304611206055,18.41556739807129,17.886816024780273,17.55351448059082,-45.778079986572266,-16.014516830444336,-12.090149879455566,-11.341957092285156,-35.34282302856445,-13.719867706298828,-5.020462989807129,-10.185355186462402
122,37.69365692138672,10.853535652160645,15.38191032409668,26.882038116455078,9.89370346069336,17.38633918762207,28.52450942993164,16.985448837280273,85.00403594970703,13.548731803894043,13.228874206542969,12.454734802246094,-7.42538595199585,10.601963996887207,19.17796516418457,9.081122398376465
123,-14.407379150390625,-13.97242259979248,-7.324157238006592,-16.13730239868164,-62.04095458984375,-7.017418384552002,0.5121979713439941,-2.832379102706909,92.81210327148438,37.34893798828125,23.913902282714844,15.806833267211914,-9.23818588256836,33.985355377197266,28.02637481689453,22.283166885375977
124,2.8741719722747803,2.747411012649536,-8.555615425109863,-28.348846435546875,-56.10079574584961,-15.127081871032715,-12.255996704101562,-14.331899642944336,-85.2545394897461,-27.742813110351562,-12.609444618225098,-22.229827880859375,-36.945274353027344,-20.35124397277832,-12.416519165039062,-12.876235008239746
125,-79.90068817138672,-14.467158317565918,-0.04275641590356827,9.185873985290527,-5.097709655761719,-9.830952644348145,-7.043187618255615,-9.272459983825684,-4.482166290283203,5.507285118103027,9.836414337158203,3.0938127040863037,-38.1339111328125,3.3038852214813232,8.938867568969727,2.6443896293640137
126,-14.229891777038574,-3.5514228343963623,4.4300336837768555,5.515298366546631,-2.226712942123413,-8.150688171386719,-2.260857582092285,-4.895308017730713,17.579797744750977,7.644900798797607,16.02279281616211,23.33542823791504,18.710756301879883,-2.6169397830963135,6.309537887573242,-0.6869290471076965
127,99.88066864013672,34.6502571105957,23.36857795715332,8.110411643981934,25.787134170532227,8.769754409790039,7.1920552253723145,1.637007474899292,108.58637237548828,33.81712341308594,23.795669555664062,9.177877426147461,27.848058700561523,6.524799346923828,4.687853813171387,1.728888750076294
128,-14.491109848022461,9.228262901306152,11.387710571289062,-1.607914924621582,32.879581451416016,-0.5325194001197815,-1.966930627822876,-3.45773983001709,-34.30656433105469,10.234110832214355,17.238733291625977,3.689650535583496,-1.7820478677749634,-0.8614100813865662,9.331449508666992,4.567058086395264
129,-56.83789825439453,-20.167804718017578,-3.7619242668151855,-9.028155326843262,5.805792331695557,-16.886423110961914,0.24338895082473755,-8.885592460632324,-79.8297348022461,-24.318017959594727,3.7854678630828857,12.158479690551758,25.71161460876465,-18.530607223510742,11.902364730834961,-6.020285129547119
130,31.724977493286133,43.55023956298828,25.736169815063477,22.800973892211914,1.1084036827087402,21.618545532226562,14.778541564941406,12.12120532989502,-11.491949081420898,18.393827438354492,11.733503341674805,17.861541748046875,-0.03144114837050438,-8.547198295593262,6.604170799255371,-5.609512805938721
131,-31.116670608520508,-6.279007434844971,-1.4418061971664429,-7.4533467292785645,-17.32740020751953,-14.056699752807617,-10.395328521728516,-11.090556144714355,-11.56619644165039,12.206192016601562,17.937450408935547,21.807777404785156,16.29907989501953,3.1929116249084473,9.898392677307129,6.847752571105957
132,-55.478092193603516,-11.438911437988281,-2.7592616081237793,-9.415931701660156,-3.678720712661743,-14.02214527130127,-9.49661636352539,-10.686039924621582,-30.359140396118164,-1.9825522899627686,4.052526950836182,-6.255942344665527,2.0833983421325684,-2.2353975772857666,-5.1724090576171875,3.1564390659332275
133,45.47270584106445,35.44870376586914,21.12358856201172,15.014300346374512,14.712292671203613,21.46573257446289,14.735962867736816,13.433891296386719,-75.2615737915039,-19.911130905151367,-11.664127349853516,-18.57918357849121,-4.629091739654541,-16.785594940185547,-13.847742080688477,-12.421814918518066
134,-5.445263862609863,-6.635822296142578,-4.624980926513672,-5.232082366943359,2.9592387676239014,-9.113760948181152,-9.567681312561035,-7.918107509613037,-30.05489730834961,-4.824766159057617,-7.249168395996094,-10.052912712097168,-5.035860061645508,-6.220737457275391,-14.720707893371582,-7.682548522949219
135,-32.4463996887207,-16.727392196655273,-10.252147674560547,-4.1387834548950195,12.570791244506836,-13.689047813415527,-7.390911102294922,-7.087717056274414,-53.673648834228516,-9.515108108520508,-20.077329635620117,-8.588976860046387,17.497398376464844,-18.511327743530273,-23.988100051879883,-20.59883689880371
136,-6.1748881340026855,-12.002549171447754,-7.668862819671631,-19.608671188354492,11.952193260192871,-9.346844673156738,-4.737997055053711,-6.736764430999756,-40.11479187011719,-21.132570266723633,-15.25080680847168,-17.597448348999023,27.109268188476562,-14.503713607788086,-14.382608413696289,-10.665104866027832
137,-5.020329475402832,2.2716257572174072,-8.692896842956543,-13.106884956359863,29.055814743041992,-6.788803577423096,-6.063440322875977,-5.930157661437988,42.54214859008789,18.488407135009766,10.175911903381348,2.701158046722412,17.78074073791504,27.504030227661133,14.298901557922363,18.017263412475586
138,-31.504629135131836,-10.638035774230957,6.522636890411377,11.500704765319824,59.416561126708984,5.530998229980469,13.878108024597168,9.184404373168945,56.06202697753906,33.86854553222656,9.201313972473145,10.1790771484375,26.333240509033203,23.51201820373535,9.918967247009277,7.539113998413086
139,2.221400499343872,-13.181285858154297,7.156172752380371,7.992921829223633,37.45908737182617,4.175854682922363,8.77973461151123,5.678131580352783,26.398408889770508,-1.0084381103515625,0.31273558735847473,-0.01778935268521309,41.16136932373047,1.5793176889419556,3.1791534423828125,-1.7582488059997559
140,-28.087718963623047,10.220597267150879,12.151129722595215,11.450334548950195,21.832237243652344,5.364737510681152,5.288822174072266,11.572839736938477,-29.54526710510254,-6.592813491821289,3.6188697814941406,3.180891990661621,34.011871337890625,-0.6855405569076538,3.1975576877593994,7.8055739402771
141,2.136197566986084,24.79984474182129,19.878538131713867,9.193245887756348,35.05561828613281,16.787303924560547,11.650981903076172,16.35588836669922,7.081762790679932,3.850857973098755,5.4019365310668945,-12.282454490661621,1.802704095840454,3.0191590785980225,-4.355640411376953,1.6635674238204956
142,36.525882720947266,7.238025665283203,4.813844203948975,-4.003281593322754,0.772132933139801,2.0747084617614746,-2.4037272930145264,1.5974347591400146,47.41984939575195,7.401976585388184,11.106302261352539,1.3870023488998413,16.635190963745117,5.562570571899414,5.590876579284668,7.009535312652588
143,40.09723663330078,19.570255279541016,4.944797515869141,16.56305694580078,12.105706214904785,1.9245513677597046,0.4651552736759186,-1.011443853378296,-31.626150131225586,7.286728382110596,11.049845695495605,19.247140884399414,17.5893497467041,-3.2737607955932617,4.977068901062012,2.920258045196533
144,51.2802619934082,28.328279495239258,23.959596633911133,33.17818069458008,41.54545211791992,23.38882827758789,21.453998565673828,19.061363220214844,-50.10142135620117,-9.52381706237793,-4.543616771697998,5.0574188232421875,3.463775873184204,-16.2843017578125,-3.727876901626587,-7.973911762237549
145,25.849225997924805,13.173745155334473,-6.863231182098389,-8.340838432312012,17.562454223632812,0.5406173467636108,-10.045868873596191,-5.481352806091309,-20.353288650512695,-12.489068031311035,-8.121112823486328,-3.7621147632598877,18.056455612182617,-17.538766860961914,-6.350189208984375,-10.465849876403809
146,18.750465393066406,3.7907471656799316,-4.978941440582275,-10.014667510986328,44.16398620605469,12.639609336853027,-0.5107101798057556,7.359712600708008,-11.18011474609375,-16.82393455505371,-15.987761497497559,-18.362253189086914,27.470272064208984,-15.199410438537598,-14.60169792175293,-10.477620124816895
147,13.496374130249023,2.743067502975464,-7.1111836433410645,-7.252758979797363,23.443397521972656,4.883012771606445,2.17154860496521,1.7956033945083618,27.056053161621094,3.2856481075286865,0.007956519722938538,1.4507923126220703,52.705406188964844,1.9149631261825562,2.2799506187438965,3.8666234016418457
148,53.89659118652344,19.677520751953125,2.7533092498779297,9.955315589904785,29.26759147644043,10.608992576599121,8.131325721740723,3.8749449253082275,-48.029022216796875,-19.16565704345703,-13.586713790893555,-11.32066822052002,12.05177116394043,-12.560970306396484,-1.8128740787506104,-4.22048807144165
149,-0.8398253321647644,-25.429771423339844,-16.371854782104492,-11.177556991577148,17.372535705566406,-14.505409240722656,-10.99382209777832,-13.850276947021484,58.76271057128906,23.90900421142578,9.15955638885498,4.504134654998779,27.981401443481445,20.36119270324707,12.587494850158691,15.143413543701172
150,-16.250080108642578,-21.127710342407227,-18.032581329345703,-23.721548080444336,-3.0848183631896973,-10.34045696258545,-12.800593376159668,-10.055551528930664,89.97736358642578,16.88898468017578,9.091450691223145,8.860191345214844,10.28374195098877,14.752318382263184,11.451568603515625,10.107443809509277
151,29.025836944580078,18.2382869720459,4.124168395996094,-6.171480178833008,-9.562263488769531,8.373956680297852,0.35900017619132996,5.3809285163879395,-36.38665008544922,-28.175609588623047,-22.416484832763672,-20.687915802001953,-25.202993392944336,-18.76967430114746,-17.285043716430664,-12.499536514282227
152,29.84535789489746,-0.6808512210845947,-1.8688935041427612,-4.6383233070373535,-21.018369674682617,1.0738083124160767,-3.0764176845550537,0.5124917030334473,6.944976329803467,3.729001760482788,-0.4272400736808777,-1.2367984056472778,4.616541862487793,-1.4809502363204956,-3.3949460983276367,1.1686699390411377
153,28.313188552856445,-18.847015380859375,-3.70257830619812,-1.7862476110458374,-11.463122367858887,-4.149056434631348,0.31804460287094116,3.8135430812835693,90.0906982421875,31.33678436279297,21.26033592224121,16.200469970703125,0.03388924151659012,37.912689208984375,18.33802032470703,29.73941421508789
154,-28.86896324157715,-16.540157318115234,-0.25511443614959717,-1.3590295314788818,-18.132726669311523,-8.97696304321289,-0.3448336720466614,-0.06257986277341843,13.995689392089844,3.0470778942108154,6.553333282470703,7.7996296882629395,-10.129403114318848,20.785667419433594,5.93323278427124,16.19590950012207
155,-30.685972213745117,-15.175006866455078,-6.304821014404297,2.0946269035339355,-23.485233306884766,-4.544378280639648,-1.552319049835205,-4.486182689666748,-31.29267692565918,-5.824191093444824,-2.0234460830688477,4.884402751922607,-21.723731994628906,3.8818812370300293,0.20354953408241272,1.9682904481887817
156,-20.153669357299805,-26.3752498626709,-14.522883415222168,-10.433233261108398,-27.100812911987305,-17.935556411743164,-8.742810249328613,-12.231060981750488,-62.673927307128906,-18.043310165405273,-18.031570434570312,-18.151775360107422,-40.55815505981445,-16.418766021728516,-16.487173080444336,-15.075127601623535
157,-50.20802307128906,-19.37670135498047,-12.215763092041016,-17.942720413208008,-25.040178298950195,-13.074308395385742,-10.902600288391113,-9.512801170349121,20.276212692260742,1.2734977006912231,-9.014013290405273,-12.375006675720215,-26.937091827392578,-3.6347765922546387,-9.755430221557617,-11.007341384887695
158,19.3885440826416,9.646793365478516,8.480945587158203,-3.587078332901001,-13.700597763061523,8.366043090820312,7.565003871917725,5.579098701477051,68.43000793457031,12.492197036743164,6.703425884246826,-2.910703420639038,-20.389469146728516,18.931142807006836,6.386878490447998,8.784177780151367
159,29.50112533569336,8.608139991760254,11.326539993286133,3.256272792816162,-13.819846153259277,2.9256362915039062,4.723482608795166,2.1008033752441406,-54.93654251098633,-22.399669647216797,-13.955875396728516,-17.031972885131836,-26.607187271118164,-20.09145736694336,-13.905313491821289,-17.430265426635742
160,-69.7666244506836,-12.045821189880371,-5.48708963394165,-4.61420202255249,-20.073211669921875,-11.566446304321289,-4.518943786621094,-4.78419303894043,-7.6867876052856445,-8.760798454284668,-5.7765421867370605,-8.287726402282715,-11.398103713989258,-6.890333652496338,-10.092639923095703,-8.435441970825195
161,43.51593780517578,34.73097610473633,22.96465492248535,19.599742889404297,12.210152626037598,22.719961166381836,18.726465225219727,16.556467056274414,4.2514262199401855,10.578400611877441,5.469768524169922,5.097222805023193,4.783658504486084,5.230386734008789,2.556072950363159,0.04040581360459328
162,-6.48392915725708,2.214695930480957,3.2132740020751953,8.296772003173828,1.872664451599121,0.8716608881950378,1.698286533355713,0.7312787771224976,24.201244354248047,19.213411331176758,15.426904678344727,18.289758682250977,-0.9400779604911804,16.221952438354492,14.793789863586426,11.230692863464355
163,-19.748979568481445,-10.863344192504883,-10.463382720947266,-5.027797222137451,-16.803245544433594,-14.274218559265137,-16.13407325744629,-15.432536125183105,-56.09811782836914,-21.279508590698242,-12.636492729187012,-8.834044456481934,-19.92431640625,-19.819711685180664,-13.239731788635254,-15.481613159179688
164,51.40412139892578,25.332191467285156,6.643580436706543,2.325608491897583,-0.6547155976295471,15.59783935546875,-3.481912136077881,2.0954604148864746,-39.12912368774414,-16.28959083557129,-10.152969360351562,-8.367879867553711,-15.331499099731445,-20.24669075012207,-13.708867073059082,-16.968097686767578
165,-45.226314544677734,-4.966177940368652,-2.1569983959198,0.16092362999916077,-6.194723606109619,-4.1537604331970215,-3.1826062202453613,-2.2247700691223145,12.562442779541016,13.860157012939453,14.134716987609863,16.57622718811035,0.3484785556793213,13.82984733581543,11.525495529174805,11.453296661376953
166,-23.65729331970215,1.6402040719985962,3.674055576324463,17.016664505004883,0.12449975311756134,0.7180710434913635,9.101758003234863,2.2783238887786865,-22.183032989501953,-7.895952224731445,0.2158823311328888,3.5977299213409424,-8.609705924987793,-4.676069736480713,3.368089199066162,-1.0013431310653687
167,64.20063781738281,28.10902214050293,15.408416748046875,13.985426902770996,12.79422664642334,21.45916748046875,17.172327041625977,14.670021057128906,27.347551345825195,-2.017479658126831,2.319277286529541,1.1546506881713867,-4.260831832885742,-5.904236793518066,6.182669639587402,-1.3720338344573975
168,11.764532089233398,-5.258159160614014,-4.683069229125977,-7.0290141105651855,3.912546157836914,1.2616938352584839,1.388620138168335,0.7100955843925476,-22.016647338867188,4.246033668518066,6.347799301147461,1.4850956201553345,2.491978168487549,0.7905205488204956,10.197270393371582,5.578508377075195
169,15.57114315032959,-8.110641479492188,-4.939270496368408,-6.948758125305176,0.741662859916687,-5.3859052658081055,-0.046607762575149536,-3.194016218185425,-41.056888580322266,-21.940841674804688,-12.27071475982666,-19.370525360107422,-15.7836332321167,-17.448137283325195,-3.9526188373565674,-7.474800109863281
170,-5.898070335388184,-5.12428092956543,-2.54490327835083,0.7369973063468933,3.5675532817840576,0.18852859735488892,-0.243514284491539,5.038404941558838,-16.087066650390625,-1.7246935367584229,1.8934838771820068,8.213419914245605,15.772242546081543,-1.1658052206039429,3.407538652420044,5.179347991943359
171,25.228422164916992,12.15701961517334,5.158539772033691,5.156440258026123,4.391539573669434,8.487914085388184,4.155577659606934,10.473652839660645,16.53298568725586,-5.548034191131592,0.2920006215572357,3.1144187450408936,8.610237121582031,-3.7898945808410645,-0.5212563872337341,6.622990608215332
172,-12.697961807250977,-8.7440824508667,-6.768066883087158,-8.150084495544434,0.46049997210502625,-7.617403984069824,-3.0385026931762695,-4.111920356750488,18.763717651367188,9.158751487731934,6.639422416687012,5.655203819274902,16.38974380493164,10.910927772521973,4.442601203918457,13.295119285583496
173,-6.480851173400879,0.30532270669937134,-0.363271027803421,-3.6881186962127686,20.339237213134766,1.5847630500793457,6.700455188751221,-0.8743119835853577,-5.350205421447754,4.76923131942749,0.9744940996170044,0.280369371175766,12.77634334564209,0.20485612750053406,5.270636081695557,-0.43838077783584595
174,6.766080856323242,10.111098289489746,2.1916379928588867,0.2559483051300049,12.823370933532715,7.749676704406738,1.8013211488723755,3.759699821472168,17.934722900390625,6.852806568145752,-0.32642483711242676,-0.5447059273719788,15.034953117370605,6.552076816558838,4.493839263916016,3.4185402393341064
175,-17.368358612060547,3.701446294784546,2.4497873783111572,11.33155345916748,13.950970649719238,5.643685340881348,1.0424240827560425,5.908857822418213,-26.287935256958008,2.742056131362915,-0.41591742634773254,5.499447345733643,8.031864166259766,8.293993949890137,-2.056265354156494,4.1953816413879395
176,0.5638039112091064,8.482730865478516,6.802619934082031,22.223371505737305,13.834750175476074,9.035181999206543,8.816104888916016,8.350672721862793,17.890039443969727,16.224977493286133,4.553728103637695,16.29729461669922,16.61648941040039,12.219566345214844,3.162768840789795,6.816462993621826
177,-11.906404495239258,-9.309473991394043,-8.591655731201172,-5.491896152496338,-6.819680213928223,-5.248485565185547,-7.3809404373168945,-4.854301452636719,-14.606745719909668,5.2683305740356445,-1.0116547346115112,13.45443344116211,18.41512107849121,6.631651878356934,1.8980709314346313,4.20693302154541
178,-34.439308166503906,-16.944067001342773,-8.744235038757324,-6.7635297775268555,2.1303517818450928,-8.391454696655273,-6.369585990905762,-5.771688938140869,-17.62430191040039,-5.399308681488037,-7.792577266693115,-0.2757682502269745,9.485523223876953,1.6510428190231323,-5.549744606018066,-2.8165853023529053
179,-19.933443069458008,-9.97464370727539,2.1564061641693115,7.675340175628662,18.104780197143555,-4.890164852142334,5.936842918395996,-1.3191536664962769,7.841241359710693,6.6885666847229,2.0427894592285156,6.845323085784912,15.493889808654785,8.456884384155273,2.811081886291504,4.187727928161621
180,-9.132912635803223,0.9642373323440552,2.660125494003296,-4.054793834686279,-9.364595413208008,-2.878485918045044,-0.5000439286231995,-4.400177001953125,11.508246421813965,-2.2198023796081543,-4.0761027336120605,-8.156381607055664,-3.793032646179199,-3.183407783508301,-6.714036464691162,-10.52879810333252
181,-2.4146525859832764,11.75417423248291,9.372198104858398,2.5773777961730957,7.2627997398376465,4.518824577331543,6.846367359161377,1.6375926733016968,11.529765129089355,4.343066215515137,-1.322660207748413,-11.69530963897705,-3.8213937282562256,-1.5909457206726074,-6.071658134460449,-9.168011665344238
182,30.217632293701172,6.11929178237915,3.499467372894287,-3.0939130783081055,-4.5732221603393555,1.8668936491012573,-0.24321945011615753,-3.551666259765625,20.008638381958008,12.840838432312012,4.16721248626709,-8.455207824707031,-10.097297668457031,3.8605825901031494,1.0516637563705444,-4.858147144317627
183,28.806432723999023,1.223226547241211,0.3646496534347534,1.4177908897399902,-3.4224166870117188,4.034322738647461,0.40151432156562805,0.3889462351799011,1.4378997087478638,0.5847775340080261,-1.0758109092712402,-0.8347436785697937,-2.1578006744384766,-0.30331695079803467,0.11687145382165909,-4.869919776916504
184,13.060652732849121,2.604264974594116,3.3148725032806396,5.250458717346191,7.868536949157715,3.9914355278015137,6.6780781745910645,5.873632907867432,20.73346519470215,-1.7928866147994995,0.6350047588348389,2.8471782207489014,1.4669058322906494,3.1207334995269775,2.413722038269043,2.0622074604034424
185,21.407196044921875,-0.23048070073127747,-3.253981828689575,-9.798785209655762,-2.120716094970703,2.2783946990966797,-0.9737941026687622,1.1568963527679443,26.72988510131836,-3.345071792602539,-0.8988752365112305,-5.7556986808776855,-3.868952989578247,0.964452862739563,2.0300681591033936,1.8882490396499634
186,15.51835823059082,5.345846652984619,0.8870169520378113,-5.146617412567139,6.216914176940918,9.192079544067383,-0.3749006688594818,5.596848487854004,10.522849082946777,-2.2607202529907227,-0.10381573438644409,-7.744797229766846,2.416487216949463,1.1852190494537354,1.9598283767700195,1.1542421579360962
187,5.3761444091796875,2.951554536819458,-4.549562454223633,-5.070472240447998,10.310073852539062,10.06503963470459,-1.6937305927276611,6.384819984436035,9.032512664794922,-1.937738299369812,-2.3087804317474365,-11.062751770019531,0.5827577710151672,1.429982304573059,-0.6755896806716919,2.65254282951355
188,4.071938991546631,0.32552963495254517,-7.650997638702393,-9.708847045898438,6.375204086303711,7.631749153137207,-0.23687753081321716,2.6865439414978027,-23.39695930480957,-8.399965286254883,-6.589210510253906,-8.232583045959473,7.596717834472656,1.9494744539260864,-0.5056717991828918,5.279780387878418
189,-16.49376678466797,-0.795830488204956,-4.595437526702881,-3.0369863510131836,12.849761009216309,10.22242259979248,-2.008948802947998,3.4017655849456787,-7.544498443603516,-1.0910383462905884,-0.32004979252815247,-3.021772861480713,10.759281158447266,8.371940612792969,5.797958850860596,6.191166400909424
190,-34.69889831542969,9.70372486114502,-2.7223663330078125,5.3169965744018555,12.073296546936035,11.268223762512207,1.89216148853302,4.541209697723389,-46.39503479003906,-6.997389316558838,-4.242240905761719,0.7820892333984375,5.297091960906982,1.6238877773284912,-1.8304790258407593,3.357607126235962
191,-39.88618087768555,4.946380138397217,-0.3197478652000427,10.26017951965332,18.86263084411621,6.612635612487793,1.2121779918670654,0.7822079658508301,-40.484134674072266,0.9131525158882141,-0.7866107821464539,9.323588371276855,12.475946426391602,3.1352269649505615,1.6986745595932007,1.9499568939208984
192,-38.069637298583984,-1.723137617111206,-5.738861083984375,-1.668810248374939,2.4946506023406982,-2.7020528316497803,-7.29132080078125,-7.024218559265137,-41.81412887573242,-0.4995627999305725,-1.2150291204452515,4.831392765045166,7.988435745239258,-2.2278308868408203,-1.598609209060669,-2.679215908050537
193,-41.10316848754883,4.602785110473633,3.1665196418762207,4.970426559448242,3.313537836074829,-1.2228403091430664,-2.1679604053497314,-2.7673845291137695,-53.94175720214844,-10.330501556396484,-1.935577392578125,3.9418046474456787,3.9752259254455566,-7.3403754234313965,-2.7409114837646484,-4.399825096130371
194,-76.15486145019531,-0.18452276289463043,3.736156702041626,6.745503902435303,4.016150951385498,-4.844916343688965,-6.513470649719238,-4.002414226531982,-65.04231262207031,-4.202543258666992,3.6415255069732666,8.968323707580566,12.353189468383789,-5.77681827545166,-4.460445880889893,-3.01957106590271
195,-109.25511169433594,-10.39169979095459,-6.928988933563232,-2.803647518157959,-3.8566620349884033,-16.758647918701172,-17.448579788208008,-14.007380485534668,-71.61451721191406,11.690370559692383,5.733890056610107,10.140491485595703,12.349081993103027,1.0018943548202515,-8.224708557128906,-0.05241595208644867
196,-120.6447525024414,-12.304905891418457,-5.28392219543457,-9.317148208618164,-5.936517238616943,-16.722232818603516,-12.354727745056152,-13.122782707214355,-103.72450256347656,-4.554629802703857,-1.8259683847427368,-0.3410312235355377,-3.56547212600708,-11.03320026397705,-11.439077377319336,-8.855865478515625
197,-142.9777069091797,-7.098466396331787,3.1038451194763184,0.3282931447029114,5.125119209289551,-11.09964656829834,1.6000176668167114,-4.2634992599487305,-114.41219329833984,-1.0021886825561523,-0.33331307768821716,-2.4341955184936523,1.7401212453842163,-6.695816993713379,-6.271089553833008,-5.332948684692383
198,-139.9818115234375,-2.989361524581909,2.0239779949188232,2.0690462589263916,2.786083221435547,-10.354175567626953,2.5082924365997314,-2.857556104660034,-142.52862548828125,-1.4932883977890015,-0.6074729561805725,-0.7304366827011108,4.942047595977783,-8.185676574707031,-1.8207108974456787,-4.274127960205078
199,-118.0158920288086,-2.4757111072540283,0.41366568207740784,-3.8578529357910156,-2.88893985748291,-8.609883308410645,2.1847925186157227,-2.670987606048584,-133.41603088378906,-1.7574573755264282,-3.905146360397339,-2.000312328338623,1.4090620279312134,-7.801032543182373,-3.686960220336914,-5.295803070068359
200,-85.03089904785156,-1.4476592540740967,4.568428039550781,-0.1530204713344574,2.3971095085144043,-2.8224995136260986,5.764893531799316,0.8202401995658875,-108.78561401367188,8.21468448638916,6.915927410125732,3.3370320796966553,1.752976417541504,3.8298749923706055,11.35317611694336,4.061593055725098
201,-30.882843017578125,-0.5524531006813049,2.0546088218688965,-0.13233180344104767,2.8729381561279297,-1.9981704950332642,4.036622047424316,0.8046342134475708,-41.92550277709961,2.6440913677215576,3.810711622238159,4.091394901275635,11.24113941192627,4.9017229080200195,3.298851728439331,1.8152614831924438
202,59.77782440185547,17.724109649658203,10.192806243896484,8.913952827453613,8.417679786682129,8.389827728271484,9.793063163757324,8.152108192443848,28.926097869873047,12.145514488220215,3.7409682273864746,2.2947864532470703,14.18721866607666,9.391985893249512,4.558328151702881,4.778536319732666
203,90.02656555175781,-4.011065483093262,-1.2931418418884277,-5.068192005157471,-6.177018165588379,-6.364923000335693,-0.12932313978672028,-3.014660120010376,75.14500427246094,12.2073335647583,2.6625611782073975,-3.183422565460205,-6.826673984527588,1.3518427610397339,1.9023469686508179,-1.720584511756897
204,96.63878631591797,-15.49136734008789,-9.081537246704102,-6.152311325073242,-5.975595474243164,-9.611865997314453,-7.4295549392700195,-5.615729808807373,102.85801696777344,-6.299617290496826,-5.42092227935791,-7.489806175231934,-10.055529594421387,-4.927943229675293,-4.776938438415527,-6.940931797027588
205,132.4973602294922,1.6408765316009521,1.1888482570648193,2.0643537044525146,3.212930202484131,2.324328899383545,-2.3788061141967773,3.1502232551574707,114.49171447753906,-9.30150032043457,-8.20737075805664,-8.164148330688477,-6.980452537536621,-4.988822937011719,-9.468095779418945,-4.675319671630859
206,134.90338134765625,-1.0007576942443848,2.1652472019195557,-0.850286602973938,3.440462589263916,3.7073469161987305,2.079084634780884,4.395176410675049,131.0006866455078,-0.12644651532173157,0.04398408159613609,-2.566678047180176,-2.558431386947632,0.9632154107093811,-1.5800684690475464,0.657649576663971
207,126.1366195678711,-4.20944356918335,-1.1791975498199463,-0.10894068330526352,-1.8466209173202515,-1.9048100709915161,-0.817653477191925,-2.7823944091796875,125.90355682373047,-2.2867684364318848,1.4177888631820679,-3.5328550338745117,0.7765716314315796,0.37103790044784546,2.2706260681152344,0.7022730112075806
208,106.00651550292969,-0.9713882803916931,-3.522535800933838,0.6603046655654907,-0.9613935947418213,-0.6422257423400879,-2.0482869148254395,-5.369673252105713,113.98745727539062,-6.493985652923584,-5.028735160827637,-7.209288120269775,-8.894006729125977,-7.359128952026367,-4.113401889801025,-8.73637580871582
209,99.33114624023438,7.853198528289795,6.009360313415527,5.193305492401123,6.534590244293213,10.16835880279541,2.5648014545440674,5.509675979614258,93.9712142944336,-7.221566200256348,-2.518552303314209,-1.4099007844924927,-4.159406661987305,-5.858457565307617,-1.7284889221191406,-7.139540672302246
210,132.4973602294922,1.6408765316009521,1.1888482570648193,2.0643537044525146,3.212930202484131,2.324328899383545,-2.3788061141967773,3.1502232551574707,114.49171447753906,-9.30150032043457,-8.20737075805664,-8.164148330688477,-6.980452537536621,-4.988822937011719,-9.468095779418945,-4.675319671630859
211,134.90338134765625,-1.0007576942443848,2.1652472019195557,-0.850286602973938,3.440462589263916,3.7073469161987305,2.079084634780884,4.395176410675049,131.0006866455078,-0.12644651532173157,0.04398408159613609,-2.566678047180176,-2.558431386947632,0.9632154107093811,-1.5800684690475464,0.657649576663971
212,126.1366195678711,-4.20944356918335,-1.1791975498199463,-0.10894068330526352,-1.8466209173202515,-1.9048100709915161,-0.817653477191925,-2.7823944091796875,125.90355682373047,-2.2867684364318848,1.4177888631820679,-3.5328550338745117,0.7765716314315796,0.37103790044784546,2.2706260681152344,0.7022730112075806
213,106.00651550292969,-0.9713882803916931,-3.522535800933838,0.6603046655654907,-0.9613935947418213,-0.6422257423400879,-2.0482869148254395,-5.369673252105713,113.98745727539062,-6.493985652923584,-5.028735160827637,-7.209288120269775,-8.894006729125977,-7.359128952026367,-4.113401889801025,-8.73637580871582
214,99.33114624023438,7.853198528289795,6.009360313415527,5.193305492401123,6.534590244293213,10.16835880279541,2.5648014545440674,5.509675979614258,93.9712142944336,-7.221566200256348,-2.518552303314209,-1.4099007844924927,-4.159406661987305,-5.858457565307617,-1.7284889221191406,-7.139540672302246
215,31.78176498413086,-3.6242024898529053,-2.0295374393463135,-1.3052533864974976,16.848262786865234,-3.4157662391662598,-0.725294291973114,-4.463313102722168,36.2392463684082,-13.241868019104004,-1.525133490562439,-7.202571392059326,4.76212739944458,-9.665138244628906,-2.7523727416992188,-4.687314033508301
216,-0.9726957082748413,-1.768553376197815,-6.539382457733154,-0.1703670620918274,21.995946884155273,-1.6405668258666992,2.333634376525879,-0.23657402396202087,10.398115158081055,-10.558186531066895,-4.900758743286133,-6.4631667137146,12.19703483581543,-9.092214584350586,-0.5696290135383606,-3.316831350326538
217,-5.598691463470459,-1.7702137231826782,-6.53318977355957,-0.32718420028686523,19.967512130737305,-3.8321731090545654,0.9384463429450989,-1.5472068786621094,-14.641554832458496,-6.240087032318115,-0.9345413446426392,7.588801860809326,27.894094467163086,-3.2761499881744385,8.928403854370117,5.2291669845581055
218,20.044267654418945,10.340910911560059,5.309504508972168,12.070621490478516,41.53208923339844,11.311979293823242,7.938961505889893,7.682283401489258,5.850344657897949,-1.4891985654830933,3.5483152866363525,12.076175689697266,37.297119140625,1.1244546175003052,10.262255668640137,5.825054168701172
219,6.810383319854736,-0.7650713920593262,1.9926893711090088,4.586067199707031,29.922502517700195,3.246332883834839,1.5362558364868164,1.7581143379211426,29.247997283935547,10.05564022064209,6.442683219909668,10.90243911743164,41.06658172607422,6.321073532104492,8.388433456420898,6.732388973236084
220,18.07787322998047,-13.490442276000977,-8.408957481384277,-8.935853958129883,-15.561678886413574,-11.493985176086426,-10.20271110534668,-4.50656795501709,33.92172622680664,-2.4727656841278076,0.9315433502197266,-0.20181050896644592,2.799729347229004,-4.520822048187256,-5.441984176635742,0.16012586653232574
221,35.806270599365234,2.7725560665130615,3.2022318840026855,9.264368057250977,-4.085259437561035,0.889710009098053,5.579331874847412,4.763208866119385,36.72865676879883,-1.8604090213775635,-2.6702487468719482,4.114646911621094,-9.417181015014648,-3.3730342388153076,-1.9216424226760864,1.2537728548049927
222,53.8570556640625,11.472436904907227,4.848711967468262,6.318911075592041,-22.195587158203125,2.3325164318084717,1.5019489526748657,1.9386157989501953,17.000211715698242,-3.5397462844848633,-4.143542766571045,0.17906242609024048,-24.495983123779297,-3.5131418704986572,-5.670170783996582,0.3429688513278961
223,11.772544860839844,-3.360642194747925,-2.340444803237915,-4.416305065155029,-38.11940383911133,-5.6664347648620605,-0.35471615195274353,-0.7335692048072815,32.94287872314453,8.284773826599121,1.243012547492981,-0.6119034290313721,-36.09306335449219,4.8297858238220215,-1.6325650215148926,2.6849172115325928
224,37.74833679199219,5.965873718261719,5.796041965484619,3.2513723373413086,-28.942575454711914,4.628494739532471,11.063064575195312,6.64578914642334,44.651729583740234,12.652669906616211,4.031793594360352,4.403910160064697,-24.711652755737305,8.131880760192871,6.242531776428223,5.17344331741333
225,0.7915016412734985,-10.07016658782959,-2.013493061065674,-4.37816858291626,-35.40446090698242,0.4269568920135498,-0.0543270967900753,2.3485560417175293,56.87236404418945,13.76090145111084,6.6097941398620605,6.32329797744751,-35.138065338134766,17.298402786254883,7.064881801605225,9.985739707946777
226,9.006470680236816,-1.8458201885223389,4.2360758781433105,6.5267486572265625,-23.764263153076172,6.801572799682617,6.7523980140686035,9.13812255859375,42.53677749633789,14.051146507263184,5.014505386352539,3.6349027156829834,-23.195728302001953,21.99690055847168,4.699151039123535,12.980904579162598
227,-6.022103786468506,-4.953161239624023,4.127237796783447,9.521443367004395,-17.3824520111084,1.2930810451507568,7.224579334259033,6.873110771179199,12.946890830993652,7.3748250007629395,1.3822568655014038,0.25417977571487427,-25.098369598388672,10.443175315856934,1.9580858945846558,5.904879093170166
228,-13.69163703918457,-4.911019325256348,-4.01912260055542,-3.1544559001922607,-25.596336364746094,-2.1945197582244873,-3.661431312561035,-2.0069334506988525,13.011981964111328,-2.2604382038116455,-3.5306038856506348,-3.6668083667755127,-31.09326934814453,-0.36055633425712585,-0.18639709055423737,-2.377470016479492
229,29.569561004638672,10.868851661682129,3.918678045272827,-2.5618553161621094,-16.019390106201172,5.360359191894531,2.569521903991699,0.8653674721717834,8.974893569946289,0.26453897356987,-2.410168170928955,-6.315800189971924,-17.829227447509766,3.8593850135803223,-2.863778829574585,-1.2909287214279175
230,-4.018608093261719,-7.912560939788818,-8.87647819519043,-6.873904705047607,-12.132400512695312,-10.349916458129883,-9.146820068359375,-8.857205390930176,-28.160432815551758,-16.165361404418945,-10.638011932373047,-11.799070358276367,-19.621984481811523,-14.11073112487793,-7.257347106933594,-11.310355186462402
231,-9.64401912689209,-8.015084266662598,-10.438575744628906,-12.025487899780273,-11.055034637451172,-12.731443405151367,-12.315922737121582,-11.915623664855957,-22.85936737060547,-18.45465660095215,-14.03886604309082,-12.360274314880371,-14.804496765136719,-20.314659118652344,-12.836787223815918,-16.594303131103516
232,-16.073144912719727,-14.613729476928711,-9.9006986618042,-9.226845741271973,-0.14670395851135254,-10.955313682556152,-10.903053283691406,-10.138102531433105,-9.604159355163574,-13.795717239379883,-10.362163543701172,-15.139912605285645,-19.411645889282227,-13.811738014221191,-12.654986381530762,-12.778748512268066
233,5.491989612579346,-3.6011903285980225,-6.829052448272705,-6.702084541320801,8.076224327087402,-1.5838325023651123,-7.660510063171387,-3.654628038406372,-26.398170471191406,-19.052139282226562,-10.134940147399902,-13.641495704650879,-8.057757377624512,-13.135465621948242,-9.574655532836914,-9.356648445129395
234,-21.45451545715332,-11.055472373962402,-11.23912525177002,-9.81944465637207,-7.790575981140137,-9.186874389648438,-11.912392616271973,-7.002213001251221,-19.01959800720215,-13.72485065460205,-7.936148166656494,-3.4963343143463135,7.550109386444092,-15.621909141540527,-5.416720867156982,-8.219887733459473
235,-24.262056350708008,-0.8828760385513306,-4.029141426086426,0.41208046674728394,9.894725799560547,2.086885929107666,-6.95905876159668,0.6013051867485046,-17.862829208374023,-8.184809684753418,-3.7421658039093018,-0.21093298494815826,8.75982666015625,-3.5041513442993164,-5.926344394683838,-0.1906045526266098
236,-34.94179916381836,-1.7036688327789307,-8.165460586547852,-7.308804035186768,-4.741271495819092,-3.66279673576355,-12.830913543701172,-6.189756870269775,-23.36859893798828,-10.434842109680176,-4.0177083015441895,-3.2952890396118164,5.702317237854004,-7.373613357543945,-6.754119873046875,-3.1217899322509766
237,-8.696890830993652,0.3875155448913574,-3.8016724586486816,-6.465130805969238,-5.043095588684082,-1.0490704774856567,-7.354462623596191,-5.6956658363342285,-38.17598342895508,-6.5196123123168945,-6.780645370483398,-8.438152313232422,-4.234309196472168,-6.559076309204102,-10.975543022155762,-4.647547721862793
238,-4.241876125335693,5.048720359802246,2.2723376750946045,1.488012671470642,4.713773250579834,2.5450007915496826,3.1497559547424316,-1.650712251663208,-19.9374942779541,3.4990293979644775,6.871542930603027,8.018160820007324,10.467611312866211,1.8308451175689697,5.696326732635498,3.4642832279205322
239,-15.089568138122559,1.768335223197937,3.0439882278442383,-2.152540683746338,9.275659561157227,-3.8288965225219727,1.4118306636810303,-5.983633041381836,2.9350788593292236,3.6301350593566895,7.190440654754639,3.205345869064331,13.141310691833496,-0.46746498346328735,8.00456714630127,-0.6000916957855225
240,4.725700855255127,10.518253326416016,16.10811424255371,5.109105587005615,35.539939880371094,7.247499465942383,11.225086212158203,8.469172477722168,28.024681091308594,24.341949462890625,22.74500274658203,15.398082733154297,40.967262268066406,17.45255470275879,17.552284240722656,16.28272819519043
241,4.939265251159668,11.114952087402344,15.06367015838623,12.52737808227539,31.76791000366211,10.859641075134277,14.318193435668945,9.391021728515625,19.507116317749023,20.697742462158203,15.359417915344238,12.950483322143555,34.28071594238281,14.285775184631348,9.315943717956543,10.683089256286621
242,20.22016143798828,18.594459533691406,14.228484153747559,16.145404815673828,28.455413818359375,10.26452350616455,17.445493698120117,9.102477073669434,11.88504409790039,12.51505184173584,11.454442024230957,13.785039901733398,27.806955337524414,12.417044639587402,11.450406074523926,9.21889591217041
243,2.61171293258667,8.121689796447754,11.425323486328125,9.520774841308594,32.530723571777344,5.618205547332764,16.68456268310547,7.640031337738037,13.55781078338623,15.475029945373535,10.246004104614258,13.826545715332031,36.43828201293945,15.25074291229248,16.11526107788086,11.227179527282715
244,2.995950222015381,1.2915862798690796,9.250703811645508,5.912003040313721,18.635929107666016,5.878945350646973,7.412996768951416,6.298044681549072,13.982671737670898,18.093961715698242,11.639169692993164,8.923943519592285,30.094051361083984,15.882107734680176,11.016050338745117,9.766473770141602
245,10.352489471435547,10.473834991455078,7.15698766708374,10.471169471740723,-5.50840950012207,7.780029296875,7.032983779907227,9.717409133911133,0.6739075779914856,6.54811429977417,-0.9429688453674316,1.1501725912094116,-13.28367805480957,3.531409502029419,-0.7891995906829834,1.0238765478134155
246,4.105958938598633,6.153072357177734,8.60427474975586,15.540314674377441,-13.627669334411621,6.776641368865967,7.221402168273926,9.230413436889648,15.284651756286621,13.464183807373047,7.051346778869629,8.828413009643555,-16.245222091674805,11.95475959777832,4.371257781982422,7.995049953460693
247,-3.9655728340148926,4.10119104385376,5.484331130981445,6.522263526916504,-22.257675170898438,2.1333138942718506,3.4719717502593994,4.703124523162842,-3.8908793926239014,6.2009758949279785,5.300844192504883,7.652144432067871,-18.866201400756836,4.9316086769104,3.1596426963806152,5.195225715637207
248,8.186761856079102,2.8778634071350098,2.922719717025757,2.703022003173828,-19.29579734802246,1.3611375093460083,0.5984449982643127,3.557932138442993,-3.339667558670044,0.15605928003787994,-0.41031450033187866,-1.132724642753601,-27.246431350708008,-2.4645872116088867,-0.9003769755363464,-1.5048589706420898
249,6.646285533905029,-1.1756831407546997,-1.091148018836975,-3.2412421703338623,-20.263765335083008,2.7301735877990723,-0.9375749826431274,4.108408451080322,5.5416388511657715,0.35729506611824036,0.24643416702747345,-1.0640056133270264,-19.936193466186523,0.0728403702378273,2.1233150959014893,1.5846503973007202
250,16.120891571044922,2.947381019592285,-2.8767213821411133,2.084552526473999,-16.097604751586914,0.7463465929031372,-4.986835956573486,-4.658794403076172,-8.033878326416016,-10.389875411987305,-3.7138266563415527,-3.2929179668426514,-22.997230529785156,-8.423130989074707,-3.300903081893921,-6.4128828048706055
251,-2.362154960632324,-4.160488128662109,-5.570883750915527,5.320611000061035,-18.60724449157715,-4.7755818367004395,-6.309229373931885,-7.742201805114746,2.242520570755005,-5.383944511413574,-2.055663585662842,4.419440269470215,-18.00869369506836,-5.127009868621826,-3.1911323070526123,-4.940174102783203
252,-3.755173921585083,-6.409430027008057,-9.616869926452637,-3.807206153869629,-16.359596252441406,-7.562600135803223,-9.045560836791992,-12.226411819458008,-12.04874038696289,-13.407049179077148,-7.7502899169921875,-1.408861517906189,-19.17007827758789,-13.22014045715332,-7.030345439910889,-11.042320251464844
253,6.145576477050781,-2.1828742027282715,-7.267679691314697,-3.959754228591919,-10.026286125183105,-4.043515682220459,-6.936259746551514,-11.008265495300293,-9.876094818115234,-13.726967811584473,-8.775217056274414,-4.922889709472656,-16.485273361206055,-12.743477821350098,-7.662203788757324,-13.020604133605957
254,-1.974208116531372,0.9924951195716858,-2.6983649730682373,1.7564729452133179,7.156626224517822,4.166141510009766,3.183770179748535,-0.5400630831718445,-0.25300782918930054,-6.813135147094727,-3.80867075920105,-2.309013605117798,-0.3708338737487793,-4.184252738952637,-0.33444783091545105,-5.534180641174316
255,-6.3463358879089355,-1.2146437168121338,-10.853560447692871,-9.25629711151123,3.155132532119751,5.095180988311768,-2.161350727081299,-4.101644515991211,1.4581480026245117,-1.6056615114212036,-1.9291727542877197,1.7780081033706665,10.858770370483398,4.7016987800598145,5.812728404998779,2.440109968185425
256,-12.730170249938965,3.0307834148406982,-5.263937473297119,-7.893547058105469,4.224686145782471,10.664864540100098,-0.9282535314559937,2.895977258682251,-9.192378044128418,-1.6815227270126343,-7.488081455230713,-5.513994216918945,6.358590126037598,7.266382694244385,1.9980913400650024,2.2287137508392334
257,-8.119441032409668,-0.7760636210441589,-2.724614381790161,-10.608824729919434,-0.9245244264602661,6.977158546447754,-1.670927882194519,2.1648621559143066,-12.201589584350586,3.2971320152282715,-1.2134302854537964,-3.083122491836548,8.820743560791016,10.674756050109863,0.40632355213165283,4.666051387786865
258,-6.458891868591309,-4.291112422943115,-6.651830196380615,-13.999089241027832,-7.217316627502441,0.9075517058372498,-4.165329933166504,-1.9896419048309326,-6.064433574676514,-0.10482945293188095,-4.819619178771973,-8.822242736816406,0.3905788064002991,5.068993091583252,-4.083481311798096,0.5208500027656555
259,-18.678028106689453,-3.1079163551330566,1.9409232139587402,-4.171992301940918,-1.049473524093628,4.872241973876953,4.920726299285889,5.229207992553711,-3.379589557647705,3.0281174182891846,-0.8142468333244324,-2.938922882080078,2.2847015857696533,8.593953132629395,2.6170995235443115,6.733494758605957
260,-12.730170249938965,3.0307834148406982,-5.263937473297119,-7.893547058105469,4.224686145782471,10.664864540100098,-0.9282535314559937,2.895977258682251,-9.192378044128418,-1.6815227270126343,-7.488081455230713,-5.513994216918945,6.358590126037598,7.266382694244385,1.9980913400650024,2.2287137508392334
261,-8.119441032409668,-0.7760636210441589,-2.724614381790161,-10.608824729919434,-0.9245244264602661,6.977158546447754,-1.670927882194519,2.1648621559143066,-12.201589584350586,3.2971320152282715,-1.2134302854537964,-3.083122491836548,8.820743560791016,10.674756050109863,0.40632355213165283,4.666051387786865
262,-6.458891868591309,-4.291112422943115,-6.651830196380615,-13.999089241027832,-7.217316627502441,0.9075517058372498,-4.165329933166504,-1.989641785621643,-6.064433574676514,-0.10482945293188095,-4.819619178771973,-8.822242736816406,0.3905788064002991,5.068993091583252,-4.083481311798096,0.5208500027656555
263,-18.678028106689453,-3.1079163551330566,1.9409232139587402,-4.171992301940918,-1.049473524093628,4.872241973876953,4.920726299285889,5.229207992553711,-3.379589557647705,3.0281174182891846,-0.8142468333244324,-2.938922882080078,2.2847015857696533,8.593953132629395,2.6170995235443115,6.733494758605957
264,-16.521926879882812,2.5121514797210693,7.581716060638428,2.2843470573425293,4.721532821655273,8.036967277526855,9.402478218078613,9.344943046569824,-6.666966438293457,6.917675018310547,5.0887041091918945,-0.03122323378920555,5.403597354888916,14.855722427368164,7.118866443634033,9.9110107421875
265,-29.43609619140625,-13.548096656799316,-6.764864921569824,-5.755499362945557,-12.882216453552246,-13.024003028869629,-5.419622421264648,-7.9195556640625,-13.079684257507324,3.022883892059326,-2.581901788711548,0.48860037326812744,-4.608240604400635,2.1945128440856934,-2.7915406227111816,0.5738986134529114
266,-15.194129943847656,-5.44502592086792,0.504586398601532,2.14799427986145,-8.29743766784668,-7.545175552368164,-1.2743196487426758,-2.804635763168335,-17.7325382232666,-1.3695721626281738,-4.622539043426514,-0.8298125863075256,-3.820296287536621,-2.2606987953186035,-6.771285057067871,-4.101445198059082
267,-6.750370025634766,3.24375581741333,6.731098175048828,9.59064769744873,2.1840250492095947,-0.47016748785972595,4.214374542236328,1.2439171075820923,-10.459086418151855,3.2476422786712646,0.012521873228251934,3.0687663555145264,-2.3205275535583496,-0.2694000005722046,-0.9036710262298584,-3.621410846710205
268,-13.82800579071045,-1.0244816541671753,6.824546813964844,12.08060359954834,14.538140296936035,-3.508517265319824,4.446643829345703,1.7103561162948608,-4.637444972991943,6.288276195526123,5.68638801574707,8.470694541931152,4.005620956420898,2.6582329273223877,1.3459129333496094,0.3550175130367279
269,-3.661149263381958,-1.389488935470581,1.9357311725616455,8.040574073791504,8.433088302612305,-3.531221628189087,1.7348915338516235,2.837912082672119,-16.91168212890625,1.3171303272247314,-0.06517507880926132,4.891491889953613,7.624109268188477,-2.163694381713867,-1.6034061908721924,-0.12959390878677368
270,14.275397300720215,3.7748866081237793,2.8381035327911377,4.379820823669434,4.985261917114258,0.2117762714624405,0.7579256296157837,3.4206361770629883,-8.69831371307373,-2.403547763824463,-3.992774248123169,-0.6978464722633362,-0.7607423067092896,-5.083856582641602,-3.2871570587158203,-2.9366884231567383
271,11.067559242248535,6.710190296173096,2.8480348587036133,1.2999200820922852,6.9092888832092285,4.140326499938965,0.985222339630127,3.1998796463012695,17.32930564880371,4.480696678161621,1.0240203142166138,-2.1114425659179688,-0.017981376498937607,0.7188594937324524,-2.0980658531188965,-0.534320056438446
272,8.567161560058594,2.9824764728546143,0.8329572677612305,-0.1588708907365799,-0.5810273885726929,0.33364978432655334,-0.3225941061973572,0.8974437117576599,0.9714269638061523,0.6930502653121948,-0.5662338733673096,-3.5001275539398193,-1.507297396659851,-2.506169080734253,-2.9978487491607666,-1.759979486465454
273,14.29957103729248,1.1793464422225952,-3.4903242588043213,-2.5661327838897705,-4.14626932144165,-1.2223823070526123,-4.218188285827637,0.6308348178863525,-6.012186050415039,-11.445883750915527,-6.037238597869873,-8.85328197479248,-11.511186599731445,-8.592840194702148,-5.84053897857666,-5.434052467346191
274,2.6649858951568604,-4.861117362976074,-5.285822868347168,-6.542697429656982,-3.0627644062042236,-4.366904258728027,-1.4478830099105835,-1.2154749631881714,21.262598037719727,-7.103005409240723,-3.987950325012207,-5.864854335784912,-1.4613709449768066,-5.335848808288574,-1.4013298749923706,-0.866807758808136
275,3.8382577896118164,1.0146926641464233,-3.473273754119873,-3.253347396850586,-3.8592915534973145,0.6813793778419495,-1.885849952697754,-2.2167959213256836,12.569348335266113,-2.56326961517334,1.4643479585647583,-2.583308219909668,-2.339172840118408,-4.549918174743652,5.6979594230651855,-0.48072266578674316
276,20.22240447998047,6.025846481323242,1.4319511651992798,2.955796957015991,4.751046180725098,3.7326900959014893,1.6710752248764038,2.063070297241211,5.267391681671143,-4.637882232666016,-0.44540780782699585,1.5323941707611084,-1.8854321241378784,-5.48495626449585,2.8826451301574707,-0.1816856414079666
277,14.307072639465332,-0.4891822040081024,-0.4618956446647644,-0.7396151423454285,-5.726688861846924,-0.73147052526474,-1.5689585208892822,-2.004643440246582,14.502047538757324,0.7461022138595581,4.874258518218994,3.5359015464782715,-2.6931867599487305,-2.0777111053466797,1.880637764930725,1.4683468341827393
278,4.477470874786377,-5.612033367156982,-4.794028282165527,-0.2731857895851135,-11.744659423828125,-6.774587631225586,-6.515751838684082,-6.661833763122559,13.220832824707031,-4.4935622215271,0.9631026387214661,5.308926582336426,-2.136549711227417,-5.422333717346191,1.2758022546768188,-1.290076732635498
279,-3.051290988922119,-3.6713039875030518,-6.1569061279296875,-6.400507926940918,-8.519905090332031,-6.7429728507995605,-8.210272789001465,-7.912493705749512,-19.957706451416016,-19.77756118774414,-9.635009765625,-2.9282479286193848,-14.93170166015625,-17.53763198852539,-9.475031852722168,-10.551789283752441
280,13.156805992126465,2.353388547897339,4.026126861572266,6.270837783813477,-6.105639457702637,-2.868772029876709,-1.0415046215057373,-3.827775001525879,44.5340461730957,21.46282386779785,15.121657371520996,14.679723739624023,7.820040702819824,13.369705200195312,10.283011436462402,9.428601264953613
281,-7.860998630523682,-8.664904594421387,-8.36349105834961,-11.673413276672363,-22.80799102783203,-13.471182823181152,-12.340682983398438,-14.517257690429688,-0.37873968482017517,-3.560966968536377,-2.4097940921783447,-1.577567458152771,-7.650338172912598,-3.315114736557007,-7.051694393157959,-3.9897916316986084
282,2.5180695056915283,-3.4426047801971436,-4.042865753173828,-6.121670722961426,-11.777297019958496,-5.379146575927734,-3.578799247741699,-7.9416117668151855,-7.409989833831787,-4.689131736755371,-5.117925643920898,-4.659017086029053,-4.993493556976318,-7.531264305114746,-10.591771125793457,-9.991405487060547
283,16.59905242919922,3.223069429397583,12.710821151733398,19.77450942993164,21.148157119750977,5.581627368927002,16.13204002380371,8.821054458618164,17.616254806518555,6.200064182281494,3.442032814025879,8.602885246276855,11.576577186584473,2.6677603721618652,1.5198267698287964,-0.759884238243103
284,8.109949111938477,-1.226650595664978,7.569291114807129,2.7009730339050293,9.399748802185059,-0.6604238748550415,6.786449909210205,5.351971626281738,12.934694290161133,3.7302587032318115,6.304651260375977,6.593194961547852,3.8639795780181885,1.7537237405776978,8.710716247558594,4.5571465492248535
285,2.292304277420044,-8.361445426940918,-3.199925661087036,-2.0004260540008545,13.775774955749512,-4.450961112976074,-1.1384501457214355,1.564051866531372,-1.704738974571228,-3.823470115661621,-2.6726949214935303,1.4453929662704468,19.95527458190918,1.2951430082321167,-0.09795999526977539,2.157167434692383
286,4.950602054595947,3.4536030292510986,-3.998704671859741,-9.353206634521484,3.7697741985321045,-3.214587688446045,-3.7799055576324463,1.855717658996582,8.08968448638916,-3.6963486671447754,-6.492422580718994,-4.788792610168457,19.42226219177246,-0.6234195828437805,-2.224992275238037,0.8727812767028809
287,-5.643858432769775,-3.9426357746124268,-2.952484130859375,-3.712801933288574,21.355316162109375,-6.818172454833984,-1.4104081392288208,1.1954829692840576,-33.452293395996094,-5.869167804718018,-9.207195281982422,-7.5674920082092285,19.31577491760254,-8.89124870300293,-9.770020484924316,-4.8317742347717285
288,10.981866836547852,-2.5879337787628174,-4.561605453491211,-6.654500484466553,10.487874984741211,-1.5477787256240845,-7.346240043640137,2.293480396270752,-19.627424240112305,-5.055413246154785,-11.453805923461914,-13.603792190551758,-1.1375775337219238,-5.428206443786621,-12.533642768859863,-3.0965688228607178
289,0.7270690202713013,4.028335094451904,3.817624807357788,0.814137876033783,12.029592514038086,2.117223024368286,-1.66458261013031,4.809601783752441,40.43366241455078,11.162872314453125,3.471139907836914,-6.077555179595947,9.527327537536621,11.337915420532227,-2.0861499309539795,7.311638832092285
290,-2.5375008583068848,1.83785080909729,-3.4834015369415283,-1.279172658920288,0.8490791320800781,2.798165798187256,-0.8230132460594177,-2.459611177444458,-4.466799259185791,-9.38321304321289,-9.189848899841309,-9.877945899963379,-12.729758262634277,-6.920401096343994,-3.7637062072753906,-8.416328430175781
291,-1.9636849164962769,1.226809024810791,0.16386321187019348,0.902277946472168,-4.227395534515381,0.7148525714874268,-0.9345896244049072,-0.6733773350715637,-2.7442708015441895,0.9621685743331909,4.493852615356445,5.776785373687744,2.0192739963531494,0.03890235722064972,6.843786239624023,1.0980063676834106
292,11.927446365356445,6.729780673980713,-0.1899227499961853,4.4536333084106445,-11.965246200561523,7.71144962310791,0.823279857635498,4.546444892883301,-2.7171506881713867,-4.904126167297363,1.7703773975372314,2.5591585636138916,-8.533931732177734,-3.67988920211792,1.3623417615890503,-0.6675078868865967
293,0.654990017414093,9.010536193847656,2.5579891204833984,5.252443790435791,-6.720436096191406,9.96324348449707,2.4663825035095215,6.374201774597168,-10.243653297424316,-9.675105094909668,-4.820173263549805,-3.7904438972473145,-15.821497917175293,-5.697219371795654,-3.7040984630584717,-1.9612350463867188
294,3.1141064167022705,10.826581954956055,2.2143781185150146,2.303351402282715,-7.481068134307861,7.931090831756592,3.003560781478882,2.863675594329834,-8.542130470275879,-2.8749542236328125,-0.05619846656918526,2.207075595855713,-17.17093276977539,-1.5333282947540283,3.2423253059387207,2.7209298610687256
295,-8.575103759765625,0.8585366010665894,-0.5212838649749756,-4.273894309997559,-19.17351531982422,2.3778557777404785,-3.0467512607574463,-2.47101092338562,-9.98353385925293,1.2659574747085571,3.7268848419189453,-1.9497463703155518,-8.513571739196777,0.4841112196445465,3.8853626251220703,1.128994345664978
296,-10.560336112976074,0.5539297461509705,-0.4616979956626892,2.3098037242889404,-11.974794387817383,2.4982614517211914,1.0677428245544434,0.19593676924705505,-9.525797843933105,-1.3973819017410278,-0.4514429569244385,3.4581501483917236,-3.2479960918426514,-0.7112451791763306,0.5023794174194336,-0.6524310111999512
297,-1.7523255348205566,6.148600101470947,6.878798007965088,5.710157871246338,-2.0883257389068604,6.305352210998535,7.151556015014648,6.677201271057129,-7.315643310546875,-0.8382448554039001,2.8670127391815186,6.233072280883789,-7.137404918670654,-0.46876755356788635,3.782933473587036,3.1737723350524902
298,5.633616924285889,10.288153648376465,10.928321838378906,6.297940731048584,-1.2344067096710205,6.053874492645264,3.8667614459991455,6.4339213371276855,-0.9475058913230896,4.942279815673828,8.032776832580566,3.6409969329833984,-6.297381401062012,5.945542335510254,3.8235559463500977,9.18474292755127
299,-9.810599327087402,-1.102508544921875,3.6244144439697266,2.4716248512268066,-6.804182529449463,-0.36706480383872986,4.185242176055908,1.9766050577163696,7.471970081329346,14.971453666687012,15.760150909423828,16.258543014526367,6.067163944244385,11.115049362182617,10.179693222045898,11.369526863098145
300,-6.191720008850098,-5.439815521240234,5.903709888458252,10.28067398071289,-5.649994850158691,-3.4185476303100586,5.838412761688232,-0.37901321053504944,1.876970648765564,5.545202732086182,8.444279670715332,13.90085506439209,4.628398895263672,7.689284324645996,7.9558305740356445,6.114362716674805
301,3.3139991760253906,-3.439659357070923,7.412086009979248,8.25181770324707,-4.613765716552734,-1.6987628936767578,5.331655502319336,0.37962806224823,3.4178946018218994,3.486117124557495,6.056254863739014,7.4850921630859375,-4.645144462585449,4.556207180023193,1.8373522758483887,1.5231435298919678
302,5.477033615112305,3.0290169715881348,6.803054332733154,1.7037272453308105,-10.027321815490723,1.5757336616516113,1.2584497928619385,3.666330099105835,7.138340950012207,5.238631725311279,4.450270652770996,3.7101633548736572,-4.985424041748047,6.00797176361084,0.7890141606330872,2.4598264694213867
303,13.699483871459961,10.990355491638184,11.067035675048828,5.116411209106445,-11.598176002502441,5.258360862731934,6.497710704803467,6.799378871917725,8.605619430541992,8.710644721984863,7.31575345993042,5.5064473152160645,-6.087113857269287,7.062249183654785,3.2958576679229736,4.352883815765381
304,1.2605535984039307,-3.2658979892730713,0.239088237285614,-1.9622489213943481,-14.948051452636719,-2.541372060775757,0.24688675999641418,-1.9421683549880981,13.134183883666992,10.47658920288086,4.834600925445557,-1.6890803575515747,-15.435933113098145,6.695005893707275,0.1540808081626892,1.2271136045455933
305,-23.448545455932617,-13.090840339660645,-8.832791328430176,-3.623417615890503,-2.9692599773406982,-9.937885284423828,-10.096220016479492,-7.682852745056152,-6.919358253479004,-7.071386337280273,-7.931124687194824,-8.702299118041992,-7.084592819213867,-5.028172969818115,-8.303877830505371,-7.991420745849609
306,9.273843765258789,2.746063232421875,2.161633014678955,8.164353370666504,11.866533279418945,3.8518760204315186,0.053857091814279556,1.368027687072754,8.3063325881958,0.9026997685432434,-2.0336225032806396,-2.9529192447662354,-3.4166250228881836,-0.2930716574192047,-6.980438709259033,-4.0722575187683105
307,23.767419815063477,8.284294128417969,4.356669902801514,5.747570991516113,9.906604766845703,3.5304911136627197,2.0546083450317383,1.12949800491333,23.80620002746582,13.22473430633545,3.498682975769043,5.327963352203369,3.121859550476074,4.416740417480469,-1.025572657585144,-0.7572522163391113
308,5.238836765289307,1.9577722549438477,-1.3047536611557007,-0.35102197527885437,9.628931045532227,0.17040380835533142,-3.0809504985809326,-1.9834083318710327,-8.897307395935059,-7.044043064117432,-5.431455612182617,-4.553650856018066,6.4009833335876465,-8.025405883789062,-3.6227469444274902,-7.74301815032959
309,6.832426071166992,-0.23824170231819153,-3.0289878845214844,-4.955193042755127,11.594158172607422,-1.4021198749542236,-4.077023983001709,-3.6312758922576904,-7.719346523284912,-8.733987808227539,-3.9553656578063965,-5.365402698516846,5.606273651123047,-9.680444717407227,-3.271235942840576,-7.6210503578186035
310,9.273843765258789,2.746063232421875,2.161633014678955,8.164353370666504,11.866533279418945,3.8518760204315186,0.053857091814279556,1.368027687072754,8.3063325881958,0.9026997685432434,-2.0336225032806396,-2.9529192447662354,-3.4166250228881836,-0.2930716574192047,-6.980438709259033,-4.0722575187683105
311,23.767419815063477,8.284294128417969,4.356669902801514,5.747570991516113,9.906604766845703,3.5304911136627197,2.0546083450317383,1.12949800491333,23.80620002746582,13.22473430633545,3.498682975769043,5.327963352203369,3.121859550476074,4.416740417480469,-1.025572657585144,-0.7572522163391113
312,5.238836765289307,1.9577722549438477,-1.3047536611557007,-0.35102197527885437,9.628931045532227,0.17040380835533142,-3.0809504985809326,-1.9834083318710327,-8.897307395935059,-7.044043064117432,-5.431455612182617,-4.553650856018066,6.4009833335876465,-8.025405883789062,-3.6227469444274902,-7.74301815032959
313,6.832426071166992,-0.23824170231819153,-3.0289878845214844,-4.955193042755127,11.594158172607422,-1.4021198749542236,-4.077023983001709,-3.6312758922576904,-7.719346523284912,-8.733987808227539,-3.9553656578063965,-5.365402698516846,5.606273651123047,-9.680444717407227,-3.271235942840576,-7.6210503578186035
314,-20.43111228942871,-15.105862617492676,-14.230304718017578,-13.268908500671387,0.4212484657764435,-13.201187133789062,-14.594369888305664,-11.896394729614258,-4.623579502105713,-11.008747100830078,-6.452518463134766,-5.330004692077637,4.818201541900635,-11.583457946777344,-7.951619625091553,-7.348236560821533
315,49.4752311706543,26.798152923583984,12.16103458404541,7.270565032958984,21.088228225708008,19.352497100830078,8.143470764160156,9.57394790649414,9.899494171142578,3.7651712894439697,3.7858147621154785,-5.015746116638184,7.053727149963379,0.7801510095596313,-0.6196404695510864,-0.6510888338088989
316,8.74073314666748,0.9335771203041077,-1.0757015943527222,-4.612699031829834,-0.26952704787254333,1.2696293592453003,-1.114886999130249,-0.9893937706947327,-0.7565043568611145,-4.524272441864014,4.2039923667907715,0.6866673827171326,11.23211669921875,-1.301442265510559,4.051482677459717,1.638293743133545
317,11.305415153503418,6.086723327636719,-0.9574962854385376,-3.8382110595703125,-4.41719913482666,1.0528243780136108,-0.6449745297431946,-1.2863904237747192,-3.6898820400238037,-5.8991851806640625,-1.2863795757293701,-4.809765815734863,-2.256875991821289,-6.741558074951172,0.48268815875053406,-1.8741960525512695
318,8.525063514709473,7.154053688049316,-0.3877198100090027,-1.7898155450820923,1.5450223684310913,4.0921125411987305,-1.9396588802337646,2.7690842151641846,1.9553720951080322,-3.6941909790039062,-1.9365016222000122,-3.2130393981933594,-5.679775714874268,-5.495363235473633,0.4731617867946625,-0.5741811990737915
319,-14.742769241333008,-8.20903205871582,-4.369779109954834,-3.416187286376953,0.9499791264533997,-3.961906909942627,-6.922976016998291,-2.133882999420166,-3.1638152599334717,-5.685903549194336,1.56510329246521,8.56794261932373,6.406589508056641,-4.02086067199707,2.537874937057495,2.8422446250915527
320,-9.92487621307373,2.2556419372558594,3.100856065750122,1.4807337522506714,8.691706657409668,2.0330705642700195,6.006618499755859,3.122243881225586,-3.2173011302948,1.7013524770736694,7.896054267883301,4.675199031829834,11.48346996307373,2.3985202312469482,8.070854187011719,7.491891384124756
321,15.331344604492188,4.307911396026611,3.368330478668213,-2.6427674293518066,10.068809509277344,5.7743659019470215,3.018198251724243,3.2781243324279785,-5.9175004959106445,4.065186023712158,3.194528102874756,1.6997617483139038,13.542741775512695,3.828890323638916,5.653944969177246,4.719653129577637
322,1.6030749082565308,-6.311875820159912,-0.2283932864665985,-4.669984340667725,6.952425003051758,-0.05107638239860535,1.4722856283187866,-0.2858802080154419,2.6947696208953857,3.392909526824951,2.4047958850860596,0.1684124767780304,14.405864715576172,4.781026840209961,2.8545141220092773,2.324373245239258
323,1.0820448398590088,-1.5487116575241089,3.577296495437622,2.5836069583892822,7.920145511627197,3.1402101516723633,4.201375961303711,1.825138807296753,17.17823600769043,4.470891952514648,4.49275016784668,1.571581244468689,11.049285888671875,9.172740936279297,3.374753475189209,5.242550373077393
324,8.814151763916016,10.508591651916504,6.214818000793457,12.62433910369873,20.525217056274414,10.049440383911133,11.85362720489502,9.903009414672852,8.516592025756836,5.420654773712158,3.3108725547790527,8.653838157653809,19.83316421508789,11.812651634216309,6.380699634552002,7.526332378387451
325,-4.813699722290039,-14.435456275939941,-13.19041633605957,-8.108224868774414,3.9888038635253906,-5.127479076385498,-6.527928352355957,-3.6140854358673096,-2.385577917098999,-3.257533073425293,-14.209245681762695,-6.95607328414917,7.822174072265625,1.720359444618225,-8.704039573669434,-2.8021087646484375
326,-11.789763450622559,-7.851395606994629,-8.80885124206543,-2.242863655090332,8.749685287475586,1.4376039505004883,-4.625075817108154,1.675473690032959,-9.610912322998047,-4.890862464904785,-15.217114448547363,-4.336535453796387,8.219161987304688,-0.4602539539337158,-9.687142372131348,-6.388721466064453
327,-11.941225051879883,-8.512665748596191,-5.374823093414307,-0.38371506333351135,6.4926228523254395,-0.9898416996002197,-2.4578895568847656,-1.1800342798233032,14.59725570678711,9.098422050476074,-1.6316417455673218,6.073210716247559,17.188825607299805,12.649755477905273,1.7208157777786255,5.820738315582275
328,-1.6462407112121582,-1.726715326309204,-4.482461929321289,-2.3630459308624268,1.3321263790130615,2.078791379928589,-3.57684326171875,-0.0066262055188417435,2.193995952606201,0.12182679027318954,-6.704370021820068,-2.5234780311584473,2.787442684173584,8.942059516906738,-6.345634460449219,1.4185559749603271
329,-12.309864044189453,-7.924638748168945,-2.862400531768799,-4.398416042327881,4.547619819641113,1.913368582725525,-2.2783432006835938,1.0372869968414307,-6.12901496887207,0.8284061551094055,-3.8734230995178223,-4.033145904541016,1.641619086265564,6.8483405113220215,-3.616372585296631,-0.32417047023773193
330,-8.834076881408691,-3.2639918327331543,0.7010530829429626,2.0027170181274414,3.016361951828003,1.746376633644104,0.26318368315696716,-0.6279174089431763,-7.71378231048584,2.1022541522979736,-0.20956750214099884,-5.111404895782471,-0.7163025736808777,5.104893207550049,-0.32222265005111694,-1.3629074096679688
331,-3.9239227771759033,8.430477142333984,4.321261882781982,1.539852261543274,-2.691926956176758,-2.0454907417297363,-0.14877642691135406,-3.444685935974121,-6.106504440307617,4.810842990875244,0.9300634264945984,-2.8506832122802734,-7.145356178283691,-0.04331304877996445,-3.1097662448883057,-4.596838474273682
332,-8.164149284362793,5.661802768707275,5.09922456741333,-0.20708432793617249,-0.032767973840236664,-1.0183401107788086,2.9617302417755127,-3.4206769466400146,-7.473809719085693,1.8854138851165771,2.59419584274292,-3.9850480556488037,-5.635373592376709,-4.228491306304932,0.19431136548519135,-5.780073642730713
333,0.15083274245262146,8.508145332336426,8.497624397277832,1.987492561340332,-1.8215564489364624,4.36028528213501,2.4941725730895996,-0.7374605536460876,-13.036422729492188,-5.023540019989014,0.45027944445610046,-9.056391716003418,-9.086644172668457,-8.775847434997559,-1.8840351104736328,-10.66520881652832
334,3.470698595046997,13.375500679016113,7.707840442657471,2.827008008956909,1.9376354217529297,6.145347595214844,2.4176156520843506,3.748830556869507,-10.31814956665039,-0.5890897512435913,4.188658714294434,-5.248978137969971,-6.45319938659668,-5.059455394744873,0.11667902767658234,-4.198060989379883
335,-13.092242240905762,-0.7368448376655579,-2.2930543422698975,-7.758246898651123,-3.9760165214538574,-2.5435073375701904,-7.690439224243164,-1.8807413578033447,-22.374664306640625,-9.864106178283691,-0.055394452065229416,-7.106621742248535,-6.490077972412109,-9.09579086303711,-2.596203327178955,-2.1281745433807373
336,-2.045267105102539,7.291411876678467,0.5837083458900452,0.748206377029419,4.893487453460693,3.4101765155792236,-4.776629447937012,1.631685495376587,-9.772568702697754,-8.98319149017334,-3.7952067852020264,-3.7148492336273193,0.5199382901191711,-11.894824028015137,-6.095335006713867,-4.966827392578125
337,11.314430236816406,8.633194923400879,3.235527753829956,9.165705680847168,7.7333083152771,7.725895404815674,2.2524075508117676,5.725646018981934,7.8723297119140625,-0.4441418945789337,4.160439968109131,5.6761040687561035,11.044384002685547,-0.7691934704780579,0.06894699484109879,3.4026858806610107
338,-13.815382957458496,0.23126909136772156,-2.043379068374634,3.1059513092041016,-2.24712872505188,0.24601659178733826,-2.0470023155212402,0.7629492282867432,-5.685422897338867,0.07261085510253906,5.232024192810059,8.599185943603516,3.9929091930389404,3.3224263191223145,4.080294609069824,7.740296363830566
339,0.10259199887514114,1.6620897054672241,-1.4308831691741943,4.073482036590576,-2.043428897857666,0.6670030355453491,-1.7361321449279785,-0.49752506613731384,-8.896759986877441,1.5032845735549927,2.589341640472412,8.697738647460938,-1.848617672920227,-2.3534536361694336,2.8285796642303467,2.6809091567993164
340,-5.874688625335693,-7.001407623291016,-0.33599570393562317,1.472280740737915,1.3517390489578247,-2.4345638751983643,0.21679219603538513,-1.3546192646026611,3.571115732192993,-2.000335693359375,3.2401044368743896,8.993008613586426,4.2099785804748535,0.3724026381969452,6.003325462341309,1.6523079872131348
341,12.188307762145996,-3.2389652729034424,4.507093906402588,-3.3899548053741455,-3.0242578983306885,-0.7131573557853699,3.957796573638916,3.598970651626587,3.3717081546783447,4.866207122802734,10.094511032104492,10.795292854309082,10.635957717895508,7.005609035491943,11.110445976257324,11.363311767578125
342,0.3646944463253021,-1.6369611024856567,0.769216001033783,-10.323541641235352,-7.774135589599609,-5.856884002685547,1.850184440612793,-0.6371928453445435,11.866928100585938,2.304778814315796,2.292011260986328,-4.839122772216797,-2.250305414199829,0.9553521871566772,2.4958722591400146,4.11397647857666
343,-0.9646710157394409,-6.524291038513184,-5.179347038269043,-5.896303176879883,-15.944068908691406,-10.193500518798828,-2.0946197509765625,-5.227765083312988,0.25996777415275574,-4.792587757110596,-4.15496826171875,-7.221644401550293,-13.232234001159668,-8.224654197692871,-1.043647289276123,-4.861244201660156
344,-6.886858940124512,-9.271467208862305,-5.790466785430908,0.6995733380317688,-18.372589111328125,-8.358508110046387,-3.7265942096710205,-3.517822265625,15.222018241882324,4.417798042297363,-1.9124512672424316,3.5609636306762695,-11.017576217651367,-0.055953189730644226,-1.2644327878952026,-0.5089727640151978
345,-5.921207427978516,-5.6886444091796875,-0.7405222654342651,-7.372585296630859,-18.160837173461914,-5.196841239929199,-5.175807476043701,-2.417022466659546,-12.72042179107666,-6.112138271331787,-7.510149955749512,-8.151326179504395,-19.259164810180664,-5.475208759307861,-9.115743637084961,-5.795895099639893
346,-7.504058837890625,-5.493828773498535,-4.5137619972229,-9.698686599731445,-27.398448944091797,-10.692660331726074,-8.623106956481934,-7.898984432220459,1.0123472213745117,3.5101239681243896,-0.9435125589370728,-2.2018775939941406,-13.568649291992188,1.6395565271377563,-4.498496055603027,-0.6513606309890747
347,-5.852293014526367,-8.271467208862305,-3.8182806968688965,-5.528647422790527,-22.042469024658203,-8.75293254852295,-1.3098760843276978,-4.748420715332031,9.751648902893066,3.1108202934265137,-6.0360493659973145,-9.323970794677734,-25.594179153442383,-1.0109965801239014,-10.188538551330566,-6.63335657119751
348,3.43192982673645,-1.466962456703186,2.1192004680633545,-1.1953659057617188,-14.486254692077637,-2.170116424560547,8.504918098449707,1.420064926147461,14.556217193603516,4.676896095275879,-2.5291049480438232,-11.216964721679688,-19.33332633972168,2.9081826210021973,-0.3933255970478058,-1.8087080717086792
349,-5.207951068878174,-2.4824464321136475,-2.8606462478637695,3.4614450931549072,-8.24875259399414,-7.251738548278809,1.466925024986267,-4.4089460372924805,-4.302866458892822,-0.5338109135627747,-2.3217670917510986,0.02099197544157505,-8.615499496459961,-1.120048999786377,4.623626232147217,-2.5683376789093018
350,4.416665554046631,8.907586097717285,8.348979949951172,6.486592769622803,0.93757563829422,3.704212188720703,0.5052013993263245,2.726881504058838,4.305281639099121,6.072418689727783,5.61040735244751,2.0164411067962646,-4.690612316131592,1.4241315126419067,-1.170986533164978,0.09807539731264114
351,-4.073950290679932,3.689314365386963,4.859613418579102,4.920394420623779,9.138072967529297,0.19625188410282135,-1.1167709827423096,1.756488561630249,-2.0809080600738525,5.37184476852417,8.388737678527832,5.5843186378479,1.5704542398452759,1.8370451927185059,0.8554028272628784,1.5016578435897827
352,5.615890979766846,10.399633407592773,5.3329949378967285,12.732378959655762,16.87430763244629,6.044824600219727,3.2288711071014404,7.529096603393555,3.8762524127960205,11.19462776184082,11.163886070251465,12.374116897583008,15.103133201599121,6.901371002197266,8.601767539978027,9.054773330688477
353,-10.466974258422852,-2.506524085998535,-5.204823970794678,-3.590594530105591,-0.00718260370194912,-5.291553020477295,-8.19249153137207,-4.773028373718262,-10.548465728759766,-7.977155685424805,-3.7046566009521484,-0.11523732542991638,1.411736011505127,-7.7048115730285645,-5.135210037231445,-3.1089868545532227
354,7.625529766082764,-1.3672410249710083,-3.9687843322753906,-8.936911582946777,6.3216633796691895,1.8415372371673584,-7.670052528381348,-2.6195404529571533,-9.738564491271973,-11.507610321044922,-6.560107707977295,-8.734721183776855,0.770603597164154,-10.125268936157227,-9.370671272277832,-7.7036237716674805
355,-7.006564140319824,0.8926140069961548,-6.618895530700684,-7.819469928741455,4.788778305053711,-0.526167094707489,-11.779984474182129,-3.245767831802368,-8.813210487365723,-9.308625221252441,-6.013000965118408,-10.715309143066406,0.7278668880462646,-8.579663276672363,-11.844461441040039,-6.612056732177734
356,14.762407302856445,9.706099510192871,0.38222718238830566,-1.1505874395370483,4.433917999267578,6.710381984710693,-2.07889461517334,1.4915189743041992,-1.832892894744873,1.1286295652389526,-0.0388261154294014,-1.6896227598190308,9.274504661560059,-0.350701242685318,-6.342072010040283,1.5774298906326294
357,-5.407804489135742,-0.08646349608898163,-5.6934943199157715,-7.530296325683594,-1.0955243110656738,2.052602529525757,-2.8600971698760986,-0.8569762110710144,-8.70300006866455,-6.897067070007324,-5.640911102294922,-9.709381103515625,-3.767392635345459,-5.988603591918945,-5.095680236816406,-3.2405855655670166
358,8.731271743774414,7.893017292022705,-0.8798515796661377,-3.385263204574585,1.1723647117614746,7.058088779449463,3.5976357460021973,2.140242338180542,-6.911093711853027,-5.0008416175842285,-3.6889026165008545,-3.4450206756591797,-0.5142319202423096,-2.354642391204834,3.6839606761932373,-0.2558506429195404
359,10.226898193359375,4.863876819610596,-0.09141051024198532,-0.4988345205783844,4.276872158050537,4.432122230529785,7.088964462280273,0.1393776535987854,-1.7990080118179321,2.865924119949341,4.681576728820801,6.544610500335693,9.398824691772461,1.5958067178726196,12.040980339050293,4.1933979988098145
360,4.003579139709473,8.831796646118164,7.12498140335083,0.58785480260849,4.462130069732666,7.510428428649902,1.8262015581130981,5.852227687835693,9.082951545715332,10.588399887084961,9.619997024536133,6.4964823722839355,10.732120513916016,10.888834953308105,7.31838321685791,11.389622688293457
361,11.934435844421387,2.567436695098877,5.816853046417236,2.492875099182129,2.09379243850708,1.7050551176071167,1.8628952503204346,2.3167309761047363,3.2406349182128906,6.095780372619629,5.79239559173584,4.939529895782471,12.523303985595703,5.32288122177124,1.3513721227645874,6.314303398132324
362,-3.8220343589782715,-1.709916114807129,4.915990829467773,5.797367095947266,5.053698539733887,-0.11181014776229858,8.452004432678223,3.2785048484802246,-0.37216222286224365,4.502762317657471,6.695425033569336,7.3359246253967285,10.161282539367676,2.9040021896362305,7.391269683837891,4.758810520172119
363,6.346799850463867,5.1465044021606445,3.405015230178833,5.844536304473877,8.733489990234375,4.337265968322754,7.402669906616211,3.8395795822143555,17.65380859375,18.0873966217041,10.71654224395752,13.481147766113281,13.350678443908691,14.560029029846191,11.779082298278809,10.951892852783203
364,6.521808624267578,2.8211445808410645,1.013096809387207,-3.5651698112487793,-5.941562175750732,-2.216312885284424,-0.4803955554962158,-3.722625255584717,4.420711517333984,5.581598281860352,1.2833117246627808,3.298912286758423,3.727982521057129,4.2588725090026855,1.937961459159851,0.9126348495483398
365,-5.680863857269287,-5.8350749015808105,2.864773750305176,5.82196044921875,-3.249872922897339,-3.891655206680298,6.606821537017822,-0.84206223487854,5.209197521209717,0.4823015332221985,-2.0406339168548584,3.186521530151367,0.3163051903247833,3.9788990020751953,-0.31457754969596863,-1.065618872642517
366,5.484997272491455,-2.291586399078369,5.381735324859619,9.160924911499023,5.567441940307617,2.2488887310028076,8.351256370544434,3.5984647274017334,20.94879150390625,7.7732367515563965,4.294588565826416,6.274548053741455,-0.37475457787513733,10.624469757080078,3.5341320037841797,3.3905816078186035
367,13.215812683105469,3.2066268920898438,6.620530128479004,5.012636184692383,0.09951537847518921,5.610013008117676,8.915992736816406,5.2426066398620605,-3.1878159046173096,-1.1249542236328125,-0.6316525340080261,-0.22440718114376068,-2.3803484439849854,2.6842384338378906,0.44056978821754456,-1.5236879587173462
368,-5.145806312561035,-8.18276596069336,-1.6904125213623047,-0.6032916903495789,-5.018735885620117,-4.89542818069458,3.2516322135925293,-0.6316967010498047,-1.4697498083114624,-5.051687240600586,-2.953057289123535,1.172965168952942,-1.1537262201309204,0.5751417279243469,0.8754849433898926,-1.480289101600647
369,-4.748183250427246,-10.816051483154297,-7.354518890380859,-9.667073249816895,-6.764240741729736,-8.168899536132812,-5.428211212158203,-5.811463356018066,11.38491439819336,-2.985429286956787,-6.854876518249512,-9.219263076782227,-9.35713005065918,-3.1020724773406982,-2.6671884059906006,-5.432744026184082
370,0.26582780480384827,-1.6542854309082031,-0.5967023968696594,3.7305760383605957,-1.7771776914596558,-1.2597298622131348,2.116719961166382,-0.07574302703142166,0.5579807162284851,-1.8781018257141113,-2.6896371841430664,-6.365382671356201,-10.238680839538574,-0.08084534108638763,-1.1854956150054932,-2.6336264610290527
371,-14.038969039916992,-8.43101692199707,-6.042372703552246,1.2831860780715942,-1.2466751337051392,-4.557843208312988,-6.144722938537598,-1.7064738273620605,-8.589337348937988,-11.131954193115234,-9.388040542602539,-8.92294692993164,-11.33852481842041,-8.372076988220215,-5.322948932647705,-7.7896599769592285
372,-14.322854042053223,-5.599320411682129,-4.522685527801514,1.1563305854797363,-4.67096471786499,-3.8379595279693604,-3.771294355392456,0.4899892807006836,-0.7517943382263184,-2.2106528282165527,-1.8613982200622559,4.523608684539795,-1.2414889335632324,-2.4269537925720215,-0.9883104562759399,-0.31598788499832153
373,12.946680068969727,8.468403816223145,3.7494029998779297,4.825888633728027,-1.0757588148117065,4.543850421905518,1.1716793775558472,4.708985328674316,8.453888893127441,4.780691623687744,2.198535203933716,2.5441694259643555,-3.8309850692749023,0.9148252606391907,2.0393173694610596,2.203845739364624
374,-1.28507399559021,-0.7207980751991272,-6.0879807472229,-5.241631984710693,1.1027528047561646,-0.6592042446136475,-6.969255447387695,-1.998013973236084,-8.428326606750488,-8.70107364654541,-5.571044921875,-6.830020904541016,-9.042877197265625,-8.422306060791016,-5.494161128997803,-4.721805572509766
375,10.192605018615723,0.848652720451355,-2.151320695877075,-3.522167205810547,2.8550257682800293,4.010181903839111,3.710024118423462,4.7448835372924805,-8.601181983947754,-7.745697975158691,-4.25325345993042,-8.235708236694336,0.5119871497154236,-6.860532760620117,1.813388705253601,-0.7884726524353027
376,3.759037494659424,1.3197360038757324,-2.820556163787842,-1.1309045553207397,4.353687286376953,2.925471544265747,-1.8958439826965332,1.8457704782485962,-6.624128341674805,-8.052342414855957,-2.578287363052368,-3.5697762966156006,-1.5237815380096436,-6.216858386993408,2.5041980743408203,0.7585338354110718
377,4.155126571655273,2.8535032272338867,-3.3231866359710693,2.338517904281616,-0.44119852781295776,2.43345046043396,-2.877052068710327,-1.085341215133667,0.6347692012786865,-2.382563829421997,1.295851469039917,3.4630963802337646,1.3174409866333008,-1.4097234010696411,3.0467588901519775,2.5256261825561523
378,-1.97349214553833,0.8516697287559509,-3.331911325454712,-0.3123432695865631,-3.3692433834075928,-1.385095477104187,-7.142675876617432,-4.144398212432861,-6.1947174072265625,-3.629441976547241,-1.0133028030395508,3.400209903717041,4.086472511291504,-2.362266778945923,-1.7911412715911865,1.1592206954956055
379,1.9959226846694946,3.492156744003296,-3.3088300228118896,-4.488607883453369,-2.3123679161071777,-0.013139378279447556,-10.144476890563965,-4.642347812652588,-6.039751052856445,-8.020913124084473,-4.090374946594238,-4.812687873840332,-6.885453224182129,-7.467850208282471,-9.547175407409668,-5.5534820556640625
380,-1.4596178531646729,-0.6936957836151123,-1.7535593509674072,-3.346104383468628,2.7345967292785645,0.8278403878211975,0.4289049208164215,-0.5959094166755676,-11.806087493896484,-6.22918176651001,-2.3642194271087646,1.0914183855056763,5.964076995849609,-6.2132463455200195,-0.31169456243515015,-2.064180612564087
381,0.17139993607997894,1.444048523902893,3.2597455978393555,3.207580327987671,1.8249051570892334,1.5658315420150757,3.982283115386963,-1.2852411270141602,-5.548152446746826,-0.8145140409469604,0.2738264799118042,-0.19759875535964966,5.871284484863281,-0.25261563062667847,2.0527091026306152,-0.15900883078575134
382,-7.6722092628479,-2.0389750003814697,1.499499797821045,2.900674343109131,-4.850855350494385,-2.5357139110565186,1.7714183330535889,-2.361116409301758,16.913135528564453,12.500164985656738,13.307506561279297,15.457719802856445,9.58178997039795,11.759400367736816,11.551985740661621,9.893660545349121
383,-3.612501621246338,2.7624754905700684,7.291087627410889,8.566269874572754,0.7486411929130554,1.9359577894210815,7.245487213134766,3.9594192504882812,-7.593634605407715,1.0803159475326538,2.7737555503845215,10.12259578704834,0.9280146360397339,4.91929817199707,4.233503341674805,4.280209064483643
384,19.56364631652832,17.973209381103516,18.065406799316406,11.421189308166504,5.039788246154785,12.525802612304688,15.486467361450195,12.052338600158691,0.3122948706150055,8.461116790771484,11.34952449798584,11.352149963378906,6.355962753295898,10.826179504394531,11.281508445739746,10.784920692443848
385,-0.18816539645195007,-4.96007776260376,3.4152090549468994,-0.7537161111831665,1.3380839824676514,-2.482781410217285,1.5875334739685059,0.08747770637273788,12.989033699035645,10.764066696166992,6.268111228942871,-0.4440280497074127,2.537008762359619,7.531266689300537,0.9492945075035095,2.443106174468994
386,5.224172115325928,-4.94594669342041,-2.6646111011505127,0.3687138259410858,0.2791018486022949,-4.381906986236572,-5.108071804046631,-1.7969008684158325,12.879850387573242,9.823445320129395,2.8393654823303223,5.58352518081665,7.3855814933776855,8.987995147705078,-1.0567114353179932,4.789174556732178
387,-9.889899253845215,-10.765005111694336,-4.434163570404053,-4.91952657699585,-3.068824052810669,-9.610806465148926,-6.523531436920166,-5.893321990966797,4.674927711486816,0.348661869764328,-6.581611156463623,-4.21561861038208,-2.0043416023254395,-1.948695182800293,-11.96658992767334,-5.828641414642334
388,0.6789505481719971,0.5452012419700623,4.2382965087890625,2.7082269191741943,5.058669090270996,0.2637019753456116,4.582683086395264,2.799906015396118,-10.624968528747559,-6.317218780517578,-6.8772759437561035,-6.665810585021973,-3.240570068359375,-6.952652454376221,-7.145616054534912,-8.480120658874512
389,2.290465831756592,2.7840635776519775,7.022396087646484,8.68302059173584,10.284280776977539,2.3522555828094482,4.625667095184326,5.356484889984131,6.982799530029297,8.800446510314941,6.352489471435547,4.62191915512085,7.834191799163818,6.976009368896484,5.540347576141357,4.312024116516113
390,-1.058125376701355,1.6816309690475464,4.068084239959717,1.2731608152389526,1.798460602760315,-1.0931888818740845,7.76432991027832,1.7243062257766724,-13.470877647399902,-5.321626663208008,-2.4049389362335205,-1.4246337413787842,0.022296540439128876,-3.5643694400787354,0.4796844720840454,-1.9254000186920166
391,-1.3538933992385864,-2.3354172706604004,-2.8018336296081543,-1.8556448221206665,5.971372604370117,-3.9599287509918213,-2.6611275672912598,-2.458250045776367,5.794572353363037,3.4160337448120117,0.010031626559793949,-5.003756999969482,-0.46081507205963135,-1.052633285522461,1.5230904817581177,-2.3148117065429688
392,5.141798496246338,-5.047173500061035,-5.896861553192139,-2.680220365524292,4.016411781311035,-3.5416219234466553,-10.215946197509766,-5.665738582611084,12.852889060974121,-1.7725974321365356,-4.808960437774658,-6.375892639160156,-2.836270570755005,-6.68024206161499,-6.8791022300720215,-9.315713882446289
393,0.6614582538604736,0.3072057366371155,-4.741064548492432,1.0865086317062378,8.533010482788086,2.9079320430755615,-6.758310317993164,-3.1089043617248535,-3.2484230995178223,-11.093693733215332,-8.64358139038086,-8.062620162963867,-4.002480506896973,-8.718949317932129,-9.432122230529785,-10.139487266540527
394,-1.7019184827804565,0.8327686786651611,-4.732717990875244,0.12520352005958557,18.94594383239746,5.220803260803223,-7.620772361755371,-2.111427068710327,4.577921390533447,0.4365236461162567,-2.719634532928467,-3.9438986778259277,8.83242130279541,3.187635898590088,-6.934304237365723,-2.371093511581421
395,6.220476150512695,0.693475604057312,-8.859955787658691,-7.021605491638184,14.462231636047363,9.539377212524414,-4.242617130279541,0.4016690254211426,-3.371710777282715,-7.912230491638184,-6.961786270141602,-3.9064371585845947,16.697908401489258,4.769315242767334,-0.9078654050827026,0.6001513004302979
396,0.8790050745010376,1.8080333471298218,-7.9579243659973145,-2.278534173965454,19.194499969482422,10.83191967010498,-3.558894157409668,1.676977276802063,9.688467025756836,-3.6149725914001465,-6.314057350158691,-6.933684825897217,15.320772171020508,5.756369113922119,-1.9716858863830566,0.9890369772911072
397,0.19518250226974487,4.081314563751221,-2.330817222595215,3.0757768154144287,14.346803665161133,11.214351654052734,0.8048608303070068,2.685037136077881,-6.863080978393555,-2.7993063926696777,-4.893187999725342,-0.6537340879440308,17.20195770263672,4.162179946899414,-1.4681377410888672,1.0890744924545288
398,1.0804848670959473,9.551055908203125,-0.8155019879341125,-1.5432262420654297,12.17137336730957,12.096583366394043,3.6178622245788574,4.19732141494751,-11.633377075195312,-1.4832592010498047,-0.705482006072998,1.6229132413864136,12.237950325012207,3.1507153511047363,4.037997245788574,2.8323936462402344
399,2.3796515464782715,9.239155769348145,6.009184837341309,2.3260459899902344,11.390377044677734,12.856690406799316,7.859463214874268,7.776158809661865,0.0796516165137291,6.210921287536621,6.295721054077148,5.625357627868652,12.947134017944336,10.571073532104492,11.167237281799316,9.84909725189209
400,-6.474958419799805,3.47774600982666,2.7509829998016357,-0.8038662672042847,1.6987621784210205,-0.5071401000022888,7.1454901695251465,-1.7518627643585205,-7.087718486785889,0.8287248015403748,4.009469985961914,0.9769506454467773,5.162346363067627,-0.7877692580223083,6.180461406707764,0.48176106810569763
401,-9.64046859741211,1.3839393854141235,-1.7862454652786255,-4.852914333343506,-4.876897811889648,-5.311567306518555,-1.3443667888641357,-6.613500595092773,-6.1634063720703125,0.7824761271476746,0.7377786636352539,-3.1491641998291016,-1.5754503011703491,-3.4478514194488525,1.703230381011963,-3.9432287216186523
402,0.33611539006233215,2.485225200653076,0.8664970993995667,-0.7725370526313782,-4.727207183837891,-4.667398929595947,0.2536001205444336,-4.8816328048706055,2.4366226196289062,4.079054832458496,2.2677345275878906,3.2445054054260254,0.8322234749794006,-2.787950277328491,3.6073029041290283,-3.1273481845855713
403,-3.5766828060150146,-2.325268268585205,3.4679858684539795,2.6371231079101562,-4.051338195800781,-6.157517433166504,5.000133514404297,-1.0524604320526123,-2.9654643535614014,3.7111735343933105,6.093840599060059,10.031424522399902,1.0129847526550293,-1.3481272459030151,5.4499664306640625,1.4728204011917114
404,-9.490222930908203,-4.260721206665039,3.5152225494384766,-0.5419990420341492,-8.4446439743042,-4.843867778778076,-1.743169903755188,1.0495455265045166,-5.528739929199219,-0.7946745753288269,1.8075981140136719,1.5539183616638184,-3.8547580242156982,-1.9194263219833374,-0.6813378930091858,0.9969962239265442
405,-6.124843120574951,-4.894423484802246,-0.9179660677909851,5.54964542388916,-0.15692134201526642,-7.872837066650391,4.4504780769348145,1.3449053764343262,-2.3319263458251953,3.6976981163024902,0.6513492465019226,8.298309326171875,1.9398760795593262,3.071241617202759,1.717899203300476,6.43170166015625
406,-11.349969863891602,-14.965139389038086,-12.104472160339355,-9.644954681396484,-11.790701866149902,-19.00822639465332,-11.574560165405273,-9.201723098754883,-5.347211837768555,-5.102859020233154,-9.322503089904785,-4.700652599334717,-5.596019744873047,-8.94039249420166,-7.082045555114746,-5.073898792266846
407,-14.35976505279541,-15.673429489135742,-12.91500473022461,-13.532403945922852,-15.236565589904785,-20.50162696838379,-13.378475189208984,-11.021064758300781,-10.219791412353516,-8.663918495178223,-14.658407211303711,-12.282777786254883,-15.110271453857422,-14.281874656677246,-16.81127166748047,-11.497798919677734
408,-3.2407724857330322,-7.004570484161377,-1.43032968044281,-5.309144020080566,-7.898372173309326,-7.508841514587402,-4.463118076324463,-1.1775742769241333,-0.7950856685638428,-2.650707960128784,-6.790282249450684,-6.654684066772461,-7.069835662841797,-5.041237831115723,-8.633785247802734,-4.174742221832275
409,-5.48085880279541,-6.876617908477783,0.07626055926084518,-0.6641984581947327,-7.439584255218506,-4.8191752433776855,-3.204143524169922,0.23635496199131012,0.901454508304596,-2.2101738452911377,-2.3464245796203613,-4.894475936889648,-8.2479829788208,-1.5726255178451538,-5.0490803718566895,-0.7187511920928955
410,3.2646992206573486,-0.007128201425075531,3.269662857055664,-2.952078104019165,-6.6776556968688965,1.3216813802719116,0.06331565231084824,0.3828769326210022,-0.7537958025932312,0.2607933282852173,1.0196090936660767,-7.8894195556640625,-8.196850776672363,0.6875606179237366,-1.615928292274475,-1.3344671726226807
411,7.435509204864502,1.272839903831482,2.765132427215576,0.24087415635585785,-9.853174209594727,0.339540958404541,1.9924792051315308,-2.911951780319214,8.891505241394043,1.8547781705856323,1.8862359523773193,-6.51296329498291,-13.69382381439209,0.08651699125766754,0.004972397815436125,-4.055544376373291
412,3.9209659099578857,4.028721332550049,1.54569411277771,6.086963653564453,-8.288249969482422,3.31325101852417,0.041538067162036896,1.915300965309143,7.678255081176758,2.0166001319885254,0.5500157475471497,0.13830961287021637,-12.003908157348633,0.4699160158634186,-0.7336750030517578,-4.459512233734131
413,3.6148111820220947,2.233882427215576,3.6771011352539062,6.134176254272461,-10.514141082763672,3.4572181701660156,-1.3942720890045166,4.415068626403809,-0.9545115828514099,0.38186967372894287,1.2692196369171143,2.7352492809295654,-12.814316749572754,-0.7980309128761292,-1.891005516052246,0.0314655676484108
414,15.127923965454102,8.666495323181152,6.766887187957764,6.034390926361084,-9.754481315612793,7.6922712326049805,4.636923789978027,4.8218536376953125,-5.430624961853027,-3.354598045349121,4.050440311431885,1.1606898307800293,-17.428476333618164,-3.833966016769409,0.8128321170806885,0.7492292523384094
415,7.435509204864502,1.272839903831482,2.765132427215576,0.24087415635585785,-9.853174209594727,0.339540958404541,1.9924792051315308,-2.911951780319214,8.891505241394043,1.8547781705856323,1.8862359523773193,-6.51296329498291,-13.69382381439209,0.08651699125766754,0.004972397815436125,-4.055544376373291
416,3.9209659099578857,4.028721332550049,1.54569411277771,6.086963653564453,-8.288249969482422,3.31325101852417,0.041538067162036896,1.915300965309143,7.678255081176758,2.0166001319885254,0.5500157475471497,0.13830961287021637,-12.003908157348633,0.4699160158634186,-0.7336750030517578,-4.459512233734131
417,3.6148111820220947,2.233882427215576,3.6771011352539062,6.134176254272461,-10.514141082763672,3.4572181701660156,-1.3942720890045166,4.415068626403809,-0.9545115828514099,0.38186967372894287,1.2692196369171143,2.7352492809295654,-12.814316749572754,-0.7980309128761292,-1.891005516052246,0.0314655676484108
418,15.127923965454102,8.666495323181152,6.766887187957764,6.034390926361084,-9.754481315612793,7.6922712326049805,4.636923789978027,4.8218536376953125,-5.430624961853027,-3.354598045349121,4.050440311431885,1.1606898307800293,-17.428476333618164,-3.833966016769409,0.8128321170806885,0.7492292523384094
419,5.717050075531006,4.892683506011963,1.8165143728256226,2.9200079441070557,-12.097125053405762,4.393489360809326,4.3527913093566895,0.8144828677177429,9.019034385681152,1.6978124380111694,4.475039958953857,1.3362751007080078,-12.6385498046875,1.410654067993164,3.1889052391052246,0.7123664617538452
420,7.188221454620361,7.604954242706299,-0.26983994245529175,0.8535388708114624,-7.536399841308594,3.708906412124634,-1.6586257219314575,-0.5578175783157349,-9.687957763671875,-3.39007306098938,-0.6571953892707825,-0.44608280062675476,-12.34188461303711,-4.715608596801758,4.529142379760742,-1.4300293922424316
421,7.675059795379639,6.708714485168457,-1.6349389553070068,1.5624017715454102,-10.320180892944336,2.758513927459717,-2.906741142272949,-0.7061445116996765,1.08104407787323,1.6286818981170654,2.7728960514068604,4.106405735015869,-9.420509338378906,-1.4145008325576782,1.7794498205184937,0.896308958530426
422,2.3026254177093506,3.983752727508545,-0.3242867887020111,2.0760247707366943,-7.867207050323486,1.602960228919983,-0.484569787979126,-0.778817892074585,0.5010693669319153,3.0520272254943848,2.2982594966888428,3.637671709060669,-8.750292778015137,-1.5784687995910645,2.0610976219177246,0.8162890672683716
423,-6.827303886413574,-4.353468418121338,-7.865089416503906,-2.4229848384857178,-9.81281852722168,-5.806880950927734,-5.473003387451172,-6.315847396850586,-11.598138809204102,-5.821629524230957,-3.675797462463379,-0.08024643361568451,-7.912640571594238,-8.793992042541504,-1.5765469074249268,-3.3349807262420654
424,-0.3732666075229645,0.005161911249160767,-1.6909741163253784,0.8739787936210632,-7.324461936950684,-1.5215104818344116,1.3294116258621216,-1.6152089834213257,5.36199951171875,-5.222055912017822,-1.8723632097244263,4.143977165222168,-6.94635009765625,-4.739400863647461,2.5380449295043945,-1.4525349140167236
425,6.564573764801025,5.056000709533691,5.20310115814209,2.8722424507141113,-1.0670416355133057,2.822329521179199,4.425929546356201,1.3754308223724365,12.392643928527832,2.7403042316436768,5.621822357177734,6.928648471832275,-1.5261578559875488,2.747758388519287,7.44173002243042,4.023940086364746
426,3.3255491256713867,-0.07465200871229172,1.6243640184402466,0.18828673660755157,-3.756774425506592,-0.3581317365169525,1.3307639360427856,0.24514207243919373,-1.6784729957580566,-1.858464241027832,2.4924631118774414,3.0970818996429443,-0.5460776090621948,0.38154882192611694,2.678335189819336,4.272532939910889
427,-2.032217025756836,-0.04028860852122307,2.971564292907715,-0.23730173707008362,-6.910635948181152,1.296128273010254,4.609870910644531,3.279984474182129,1.3028734922409058,-0.3930456340312958,4.837777614593506,7.008880615234375,3.6617507934570312,2.868598699569702,6.460222244262695,6.91972541809082
428,-2.529465675354004,-1.6768457889556885,0.5293419361114502,0.0043957834132015705,-4.368759632110596,-0.18373531103134155,2.5696935653686523,4.079073429107666,3.0143792629241943,7.357705593109131,3.3568315505981445,5.235089302062988,5.005939960479736,7.238576412200928,3.846287250518799,7.401049613952637
429,-10.789308547973633,-6.651610374450684,-1.7922528982162476,2.3154773712158203,1.0650781393051147,-4.25614595413208,2.088381290435791,1.9269459247589111,2.5480148792266846,3.0760927200317383,0.4290708601474762,2.7177772521972656,-0.1767764836549759,4.054104328155518,0.6715751886367798,5.573117256164551
430,2.5620038509368896,-7.833009719848633,-0.9851019382476807,0.02304663136601448,1.7494337558746338,-3.8306500911712646,0.8124055862426758,3.6830947399139404,-1.7281897068023682,1.2764593362808228,0.48316705226898193,3.2198023796081543,6.378705024719238,1.969080924987793,1.0496116876602173,4.8397321701049805
431,-3.2872908115386963,-3.8770134449005127,2.259509801864624,1.598658800125122,5.4276652336120605,-0.8014625310897827,4.376256942749023,3.9821770191192627,6.6903181076049805,0.8980329036712646,0.41092753410339355,2.570856809616089,8.057149887084961,3.860473155975342,1.7020660638809204,4.655261993408203
432,-4.269074440002441,-5.9418511390686035,2.578705310821533,-1.9263921976089478,1.1631526947021484,-3.931931734085083,2.7640585899353027,-1.20647132396698,0.8215307593345642,2.745130777359009,1.2687592506408691,-0.7975983619689941,5.955695152282715,3.256565809249878,1.693379521369934,0.8252855539321899
433,-3.031463146209717,-10.223888397216797,-3.706306219100952,-2.827000141143799,4.310095310211182,-9.78591251373291,0.7350706458091736,-7.612351894378662,0.08436058461666107,-1.7300746440887451,-3.3690779209136963,-3.736222505569458,-1.0980908870697021,-1.8345533609390259,-1.882364273071289,-6.176015377044678
434,4.9118523597717285,-0.7779818773269653,-0.9384826421737671,-1.2510722875595093,12.738524436950684,-3.1424641609191895,3.5889883041381836,-3.7902626991271973,7.396007061004639,1.1514079570770264,-3.801072835922241,-2.615921974182129,5.511638641357422,-1.9019855260849,-1.8505613803863525,-8.052294731140137
435,-3.6736459732055664,-1.6200588941574097,-2.054931640625,0.046852197498083115,9.160938262939453,-5.417779445648193,-4.220942974090576,-4.694814682006836,8.393598556518555,-4.0170578956604,-4.61074161529541,-4.143993854522705,1.797996163368225,-2.145521402359009,-4.0139594078063965,-5.362043857574463
436,8.120362281799316,2.468234062194824,-0.6925185918807983,-3.26961612701416,13.117402076721191,0.7740423679351807,-4.108633995056152,-2.4031853675842285,12.15694808959961,5.723857402801514,2.674975633621216,-1.0456318855285645,10.742496490478516,2.338714599609375,-0.965220034122467,-2.4345457553863525
437,13.8717622756958,0.1777198165655136,-2.3692619800567627,-3.517190456390381,2.274962902069092,-0.7969121932983398,-4.589804172515869,-2.337559461593628,3.092329263687134,3.5887765884399414,-1.7882345914840698,-6.854695796966553,5.711865425109863,-0.280208557844162,-3.6074278354644775,-3.1436564922332764
438,-2.595351219177246,-0.9880585074424744,-5.848829746246338,-0.08495945483446121,3.89361572265625,-3.8330094814300537,-8.085034370422363,-4.621956825256348,3.955787181854248,-5.982950687408447,-8.533771514892578,-7.80173397064209,-4.725283622741699,-8.995316505432129,-8.926732063293457,-8.836543083190918
439,-4.445291519165039,0.2780837118625641,-6.878729820251465,-5.316843032836914,0.041704483330249786,-3.4882802963256836,-12.054890632629395,-5.777561664581299,-10.259112358093262,-8.760557174682617,-9.80127239227295,-8.28342342376709,-4.007385730743408,-13.041158676147461,-14.372782707214355,-11.024310111999512
440,-6.4654436111450195,2.91679310798645,4.178012371063232,-0.6915263533592224,0.2922479808330536,5.613131523132324,0.7941206693649292,5.6831560134887695,0.8933254480361938,3.9247641563415527,9.989880561828613,5.898340702056885,5.360409736633301,3.7604525089263916,3.454186201095581,9.749275207519531
441,-3.938901662826538,4.944675922393799,4.469784736633301,2.6904404163360596,1.9097028970718384,5.042423248291016,1.3775674104690552,4.864150047302246,3.051875591278076,5.289022445678711,7.947720050811768,3.667651414871216,11.755841255187988,7.286783218383789,3.382178544998169,9.009943008422852
442,23.080469131469727,14.910377502441406,9.054160118103027,7.967052936553955,11.256488800048828,14.999165534973145,9.559734344482422,11.73782730102539,-6.5211639404296875,-1.4098637104034424,5.391579627990723,3.766906499862671,6.230743885040283,-0.20692183077335358,4.687720775604248,4.242164134979248
443,4.137521266937256,3.7812135219573975,4.156416893005371,0.20967355370521545,6.7316694259643555,8.275680541992188,5.895793914794922,6.985995292663574,-2.7780885696411133,0.9670512080192566,6.656424522399902,6.598454475402832,6.742737770080566,4.8479390144348145,9.751004219055176,9.436835289001465
444,1.1510987281799316,1.7717448472976685,3.872356653213501,2.798107624053955,1.3016074895858765,5.990137100219727,4.374133586883545,4.376421928405762,10.193690299987793,2.4841535091400146,8.578911781311035,5.379976272583008,7.718227386474609,7.986022472381592,9.334317207336426,10.793292045593262
445,-0.862198531627655,1.0307533740997314,3.4135258197784424,1.266015887260437,1.4166150093078613,1.5960826873779297,4.055120468139648,1.1030410528182983,11.837156295776367,10.885950088500977,7.1773600578308105,7.820376873016357,9.893229484558105,10.523310661315918,6.73049259185791,7.448714256286621
446,0.4889669716358185,-0.9741963148117065,2.8852298259735107,3.477109909057617,-0.8431861996650696,-0.2760230302810669,4.511383056640625,-1.3176015615463257,1.647781491279602,1.2587970495224,1.0863622426986694,3.907975196838379,3.6527581214904785,3.262255907058716,2.430324077606201,0.7138246297836304
447,-9.959911346435547,-6.175309658050537,-5.195879936218262,0.6671938896179199,-9.673290252685547,-8.03319263458252,-3.0802292823791504,-8.278016090393066,-3.4074220657348633,0.9805368781089783,-1.2087647914886475,3.3599042892456055,-2.082170248031616,0.5641246438026428,0.008363627828657627,-2.3919870853424072
448,-0.3955967128276825,-5.2622857093811035,-4.653882026672363,-0.10537539422512054,-8.258454322814941,-9.323052406311035,-2.002912759780884,-8.254670143127441,2.509692907333374,1.2995151281356812,-2.3478751182556152,4.457919120788574,-4.952225685119629,-3.0738790035247803,-1.2583645582199097,-5.397005558013916
449,0.7214809656143188,-8.205018997192383,-6.703714847564697,-2.756866455078125,-8.0636625289917,-10.08676815032959,-2.6985673904418945,-8.227011680603027,0.9171700477600098,-3.441138505935669,-8.568821907043457,-0.8778780698776245,-6.730129241943359,-4.746444225311279,-4.92759370803833,-8.116828918457031
450,-8.849713325500488,-8.359395980834961,-3.747134208679199,-2.730617046356201,-1.2795164585113525,-8.007181167602539,2.0178632736206055,-5.949166297912598,-0.6782291531562805,-0.4574877917766571,-5.527077674865723,-3.2068467140197754,-2.1864333152770996,-0.11286812275648117,-2.5910744667053223,-6.464841365814209
451,-0.8771645426750183,-4.992603778839111,-3.5703792572021484,-0.5476967692375183,-5.177740097045898,-9.854844093322754,-1.705777645111084,-7.871598720550537,-0.6831639409065247,0.38965901732444763,-5.994421482086182,-3.960684299468994,-2.5442450046539307,-1.018405795097351,-3.0059638023376465,-6.880604267120361
452,-7.297754287719727,-2.856250047683716,-4.075838088989258,3.901695728302002,-1.612967610359192,-8.047709465026855,-2.734142541885376,-5.593815326690674,-8.677587509155273,-4.0274505615234375,-10.146332740783691,-4.156191825866699,-8.726256370544434,-10.123241424560547,-8.12629508972168,-12.132278442382812
453,-6.279288291931152,-4.321320533752441,-2.5767710208892822,4.213124752044678,0.9095801115036011,-7.061819076538086,1.3248517513275146,-2.067160129547119,-1.6042640209197998,-0.2592025101184845,-4.149572849273682,0.6916412711143494,-1.8119747638702393,-5.705074310302734,-3.9443533420562744,-6.12110710144043
454,-5.120443344116211,-2.918517827987671,-1.2622555494308472,0.8932884931564331,3.1557984352111816,-5.0595479011535645,-4.1259965896606445,-0.8730022311210632,-7.674039840698242,-4.388769626617432,-6.643039703369141,-3.643144369125366,-2.776968240737915,-6.036867141723633,-6.531411647796631,-5.395580291748047
455,5.5253472328186035,4.21653413772583,4.144090175628662,-7.043844699859619,6.423874378204346,7.100285053253174,-0.607161283493042,7.116123676300049,1.7497453689575195,2.574345350265503,7.04365873336792,-4.387088298797607,8.468705177307129,4.213326454162598,1.6023250818252563,6.240235805511475
456,-0.6204503774642944,4.985079765319824,4.597928524017334,-2.814037322998047,4.144885540008545,7.082822322845459,-1.7250356674194336,6.569072723388672,2.1047732830047607,3.6380045413970947,5.689085006713867,-3.51682186126709,7.184525012969971,6.907760143280029,1.083601474761963,8.312679290771484
457,3.205822229385376,4.308095932006836,-0.552998960018158,-5.588347434997559,-0.8964528441429138,5.553539752960205,-3.183850049972534,2.9607996940612793,-4.296974182128906,-4.879134178161621,-0.1869731992483139,-10.786721229553223,-5.333832263946533,-2.850633144378662,-4.421052932739258,-0.7016041278839111
458,8.201119422912598,-1.0594618320465088,-4.740462303161621,-7.30301570892334,-3.378807544708252,2.6101629734039307,-4.17392110824585,1.0565381050109863,0.8074665665626526,-2.5370304584503174,-2.836643695831299,-7.423098087310791,-3.220365524291992,-2.8200511932373047,-2.1174871921539307,-0.7074511647224426
459,-5.837115287780762,-4.405506610870361,-3.7869677543640137,-0.07109931111335754,-2.652597427368164,1.1428403854370117,-1.010942816734314,2.0493037700653076,0.720160722732544,-3.8317322731018066,-1.374406099319458,-2.8837037086486816,-3.0233044624328613,0.3235797584056854,-0.5601723790168762,3.0648181438446045
460,2.015820264816284,-0.24696467816829681,-1.9109711647033691,-4.561591625213623,-1.052312970161438,2.8100366592407227,-3.536581039428711,0.1051035150885582,-6.566150665283203,-5.628128528594971,2.4461491107940674,-2.7197494506835938,-2.2358460426330566,-3.0901341438293457,3.710981607437134,1.3484734296798706
461,-9.962667465209961,-8.036749839782715,-9.973731994628906,-7.265472412109375,-9.114962577819824,-7.6952948570251465,-5.913717746734619,-9.383455276489258,-4.983104228973389,-7.971582889556885,-1.4298981428146362,-1.2921810150146484,0.8268482089042664,-4.444112300872803,0.8538133502006531,-0.3652293086051941
462,-1.2058063745498657,1.6154004335403442,-5.32001256942749,-6.051987648010254,-3.149580717086792,-1.0435705184936523,-3.8666934967041016,-6.722508907318115,-9.02501392364502,-8.990015029907227,-8.159788131713867,-5.389760971069336,-7.6417155265808105,-9.773195266723633,-4.099379539489746,-7.815638065338135
463,2.400632381439209,6.157523155212402,4.246767997741699,1.7801533937454224,-2.9039368629455566,5.211686611175537,2.3042099475860596,1.9831866025924683,1.996239185333252,3.6839520931243896,2.180464744567871,0.8794032335281372,-2.818420171737671,0.4785560071468353,1.820905089378357,-0.006210273131728172
464,10.15735149383545,5.861471176147461,1.198485255241394,2.5986227989196777,-5.332242488861084,2.5859808921813965,1.0120900869369507,0.7361385822296143,2.1041171550750732,3.6953091621398926,6.208676338195801,9.087560653686523,1.5937299728393555,2.1790919303894043,6.212839603424072,3.440155029296875
465,4.310985088348389,5.488864898681641,3.5888025760650635,4.474506855010986,-2.240480422973633,2.898733377456665,2.677351236343384,3.1875126361846924,7.345432758331299,6.608711242675781,4.312803268432617,8.191081047058105,2.3261778354644775,5.406860828399658,4.661106109619141,6.79585599899292
466,0.6627544164657593,5.121309757232666,8.310101509094238,9.664438247680664,-3.010016918182373,6.07595682144165,9.387857437133789,7.37403678894043,9.075711250305176,7.388488292694092,8.64821720123291,11.575849533081055,1.1581354141235352,6.70311975479126,7.7070136070251465,8.027216911315918
467,18.6501522064209,13.923192977905273,11.44094181060791,9.109672546386719,2.516395092010498,11.195308685302734,9.633628845214844,9.241043090820312,7.076389312744141,9.180743217468262,8.023042678833008,11.773624420166016,1.0936799049377441,9.005876541137695,7.864723205566406,7.074191570281982
468,0.7794995307922363,5.958497047424316,8.930683135986328,3.20347261428833,1.4352418184280396,4.78259801864624,8.810391426086426,5.7587080001831055,13.342835426330566,14.442892074584961,11.280518531799316,8.760528564453125,5.355079650878906,12.700203895568848,8.561394691467285,11.03195571899414
469,-3.8871591091156006,0.4337323009967804,7.396113872528076,8.039531707763672,3.321032762527466,4.028843402862549,11.760112762451172,6.551756381988525,9.35633659362793,11.643497467041016,9.281937599182129,9.59174633026123,9.232333183288574,12.975781440734863,11.340616226196289,10.412595748901367
470,-2.0749940872192383,-3.157923936843872,0.5782618522644043,-1.8037124872207642,1.480496883392334,-3.1394565105438232,-2.7149171829223633,-3.479045867919922,-4.029285430908203,-3.1226766109466553,-4.682766914367676,-6.746885299682617,-2.0814085006713867,-2.2366085052490234,-7.146099090576172,-6.543713092803955
471,-0.49816107749938965,-7.793446063995361,-5.650978088378906,-5.209041118621826,1.7939616441726685,-7.642238140106201,-6.572369575500488,-8.713750839233398,3.2756288051605225,-1.5310789346694946,-3.9781248569488525,-5.742964267730713,3.9753031730651855,-2.330975294113159,-6.949325084686279,-8.23047924041748
472,-8.335713386535645,-10.798659324645996,-10.43089485168457,-10.899224281311035,4.717099189758301,-11.137847900390625,-10.156927108764648,-11.581136703491211,-0.09926962852478027,-3.784491777420044,-8.132412910461426,-5.795742511749268,3.8459835052490234,-3.9388458728790283,-9.643900871276855,-10.025678634643555
473,-6.4632415771484375,-4.55625581741333,-8.138554573059082,-4.589909076690674,19.001205444335938,-0.6416670680046082,-3.7649223804473877,-2.472691059112549,-5.9644951820373535,-4.20884370803833,-12.215788841247559,-13.754618644714355,7.7452073097229,-4.829568862915039,-12.103128433227539,-10.744485855102539
474,2.231691360473633,-0.13527683913707733,-7.434803009033203,-1.4667208194732666,23.834823608398438,2.992013454437256,2.5530319213867188,-0.7911563515663147,-2.331022024154663,-1.1866353750228882,-10.550653457641602,-8.62991714477539,16.91937828063965,0.27434608340263367,-2.209939479827881,-5.669252395629883
475,2.0238397121429443,0.9260132312774658,-6.666112422943115,-2.722813367843628,23.85613250732422,11.147002220153809,-4.2682294845581055,1.722325086593628,1.7729525566101074,-0.6123753190040588,-9.28506088256836,-7.496680736541748,22.61451530456543,6.55113410949707,-5.897379398345947,-2.764385461807251
476,8.92042350769043,5.623912334442139,1.351182460784912,3.81431245803833,22.014041900634766,16.57059669494629,3.2986135482788086,7.6431803703308105,4.072231292724609,2.493380069732666,-1.4126344919204712,-3.3133785724639893,20.795833587646484,13.898348808288574,0.777704656124115,4.524967193603516
477,7.003708839416504,5.623301029205322,2.4971563816070557,2.162703275680542,14.298338890075684,13.701367378234863,4.127618312835693,5.722375392913818,3.14896821975708,-0.7008348107337952,-2.319546699523926,-2.416721820831299,13.005206108093262,9.347761154174805,1.0033104419708252,2.698185682296753
478,4.219489574432373,10.203429222106934,7.232482433319092,7.803469657897949,12.390990257263184,16.67715072631836,2.608693838119507,9.261857986450195,1.6713356971740723,2.9843263626098633,6.326064586639404,3.2298638820648193,10.255290985107422,9.997276306152344,5.507620811462402,5.219888687133789
479,7.8210768699646,10.634919166564941,11.813688278198242,9.828203201293945,9.866898536682129,14.621576309204102,3.119852304458618,10.618755340576172,-1.3849953413009644,6.116023063659668,13.517578125,10.326138496398926,8.06472396850586,12.500495910644531,7.927745342254639,11.241721153259277
480,-4.125698089599609,3.0829436779022217,1.4976223707199097,3.6074206829071045,-2.18304443359375,-2.215073823928833,-2.8803789615631104,-4.870547771453857,-9.375937461853027,-7.232243537902832,1.2485038042068481,1.220760464668274,-5.348699569702148,-8.317246437072754,-1.2756927013397217,-5.237576007843018
481,-3.2519047260284424,5.168247699737549,2.3272271156311035,4.636653423309326,-0.166968435049057,-0.8387092351913452,-3.986344575881958,-1.201196312904358,-9.947566032409668,-2.877444267272949,4.1614766120910645,5.4070234298706055,-2.3004636764526367,-7.7567219734191895,-0.3388473093509674,-2.550769329071045
482,-6.065574645996094,-0.393545538187027,1.077189564704895,5.796684741973877,-3.7041728496551514,-6.21564245223999,-2.1000618934631348,-2.7142231464385986,-0.8428629636764526,2.0196824073791504,4.599401950836182,8.366411209106445,1.4268505573272705,-4.642539978027344,-0.09790869057178497,1.7735520601272583
483,-10.795923233032227,-5.775282859802246,-2.2342607975006104,-1.2137593030929565,-9.671538352966309,-9.653470039367676,-3.068718671798706,-6.456374168395996,-11.478833198547363,-7.113115310668945,1.7529501914978027,6.586950778961182,-4.564621448516846,-10.919692039489746,1.073956847190857,-3.121796131134033
484,-12.4227933883667,-7.689497947692871,-4.790677547454834,-9.084261894226074,-15.478582382202148,-11.536040306091309,-6.0662126541137695,-6.948100566864014,-12.595647811889648,-6.7004241943359375,-2.6997087001800537,-1.9052927494049072,-8.894645690917969,-10.739404678344727,-3.083420753479004,-3.481440782546997
485,-4.886173725128174,-5.240024089813232,-5.339367389678955,-14.251081466674805,-22.943235397338867,-9.348465919494629,-7.5308709144592285,-6.367879390716553,-6.475030899047852,-4.071097373962402,-4.637483596801758,-10.054099082946777,-17.366352081298828,-9.745682716369629,-5.039022922515869,-6.1084370613098145
486,-3.218479871749878,-7.482879161834717,-3.646839141845703,-11.254288673400879,-21.236557006835938,-9.695372581481934,-3.128619909286499,-3.06420636177063,-0.29548192024230957,-0.527927577495575,-2.5324478149414062,-9.062082290649414,-14.842219352722168,-4.056125164031982,-3.241628408432007,-1.0073249340057373
487,-6.713602066040039,-5.781266212463379,-4.84930944442749,-5.139838695526123,-21.827945709228516,-11.473380088806152,-0.9195356369018555,-3.5457499027252197,-1.0436756610870361,-0.3924403190612793,-3.605415105819702,-2.3231592178344727,-13.80341911315918,-4.0811967849731445,-2.469890832901001,1.1748994588851929
488,-4.028079509735107,-5.986000061035156,-0.24711452424526215,-1.5729451179504395,-21.243507385253906,-10.106101036071777,1.2744951248168945,-1.6394774913787842,-5.087858200073242,-3.6748087406158447,-3.949554681777954,-2.3580453395843506,-18.85672950744629,-7.769229412078857,-0.5846287608146667,-0.9637053608894348
489,-4.701842784881592,-6.1544342041015625,-0.5012021660804749,-1.5711654424667358,-17.64727783203125,-8.739215850830078,-1.4084923267364502,-2.513920545578003,-6.286900520324707,-4.614777088165283,-4.598954200744629,-3.044463872909546,-20.704917907714844,-7.5719804763793945,-3.096212387084961,-4.355567932128906
490,-3.085195779800415,-4.288151264190674,1.1796175241470337,5.900076389312744,-16.42832374572754,-3.806030750274658,5.738218784332275,3.9538769721984863,7.122352600097656,7.414294242858887,3.353440046310425,6.456559658050537,-10.546647071838379,6.924709320068359,3.016085624694824,6.988069534301758
491,-3.3253543376922607,-3.1493451595306396,1.5207995176315308,4.860376834869385,-14.65628719329834,-4.112689018249512,4.140347957611084,2.3627591133117676,4.606922149658203,6.332457065582275,3.7706689834594727,5.902753829956055,-10.387157440185547,5.630441665649414,5.620620250701904,5.995940208435059
492,6.188337326049805,6.8497138023376465,9.235333442687988,9.993788719177246,-3.7285687923431396,6.659859657287598,13.232977867126465,10.550443649291992,6.7250471115112305,4.9143195152282715,0.8112022280693054,2.9553000926971436,-13.018921852111816,3.953441619873047,3.499373197555542,2.4435031414031982
493,7.796276569366455,4.054298400878906,9.305948257446289,12.60291576385498,1.23203444480896,5.873312473297119,13.634941101074219,9.391610145568848,11.989283561706543,7.048155307769775,6.843411445617676,7.282232761383057,-6.431919574737549,8.239374160766602,10.398441314697266,6.731916427612305
494,6.139387130737305,2.452289581298828,5.1211256980896,9.009736061096191,1.7851684093475342,3.1891989707946777,4.250672817230225,2.260361671447754,7.43906831741333,6.799498558044434,4.794051170349121,6.048261642456055,-3.5393006801605225,7.128813743591309,5.662562847137451,3.843147039413452
495,5.1095452308654785,3.3240010738372803,-0.6544419527053833,-0.5151954889297485,-2.4783098697662354,2.114243268966675,-2.583583116531372,-1.8965953588485718,5.286246299743652,-2.413804531097412,-0.5709895491600037,-7.075507164001465,-9.501592636108398,-2.967928886413574,-2.5207018852233887,-7.297482967376709
496,3.672623634338379,4.296902656555176,0.7945661544799805,-1.7352979183197021,2.10263729095459,2.641068696975708,0.008224911987781525,-0.40768498182296753,0.5128213763237,-0.5212229490280151,-1.9600574970245361,-4.382519721984863,-5.432012557983398,-3.126861572265625,-1.9366259574890137,-5.8661675453186035
497,10.32242488861084,7.033097267150879,3.2547874450683594,-0.06851205229759216,4.7236199378967285,7.285758972167969,3.5141212940216064,5.760422229766846,3.0520594120025635,1.9102072715759277,5.465188026428223,-2.4652857780456543,2.1407344341278076,0.2051839381456375,5.231074810028076,2.2858567237854004
498,3.075942039489746,1.4491904973983765,-3.239960193634033,0.7282166481018066,3.090345621109009,1.3093547821044922,-0.1078951433300972,1.1948235034942627,-0.13669753074645996,-2.0178961753845215,-0.8355522751808167,-4.173867225646973,-3.149494171142578,-3.5512003898620605,1.2804677486419678,0.2749101221561432
499,-0.36161527037620544,-2.8689956665039062,-9.193862915039062,-4.965094566345215,0.6980351805686951,-3.822031021118164,-6.362289905548096,-7.800926208496094,-4.607299327850342,-4.7967424392700195,-5.588858127593994,0.23918430507183075,0.1011907160282135,-5.502740383148193,-1.2861788272857666,-3.442453622817993
